seqnames	start	end	width	strand	Conc	Conc_Ctrl	Conc_MB6	Fold	p.value	FDR
chr11	13237760	13238567	808	*	6.43	5.74	6.9	-1.16	1.02e-17	2.36e-12
chr22	38901582	38902900	1319	*	6.83	6.26	7.24	-0.98	7.27e-15	6.14e-10
chr19	2475777	2477196	1420	*	7.03	5.89	7.65	-1.76	8e-15	6.14e-10
chr10	74056904	74058243	1340	*	7.51	7.09	7.83	-0.74	6.26e-14	3.6e-09
chr16	27214668	27215611	944	*	7.38	6.84	7.77	-0.93	3.1e-13	1.43e-08
chr1	175440040	175440646	607	*	5.41	4.5	5.97	-1.47	4.08e-13	1.57e-08
chr3	47017751	47018665	915	*	6.73	6.16	7.13	-0.97	1.06e-11	3.33e-07
chr11	63741611	63742564	954	*	6.76	6.28	7.12	-0.84	1.16e-11	3.33e-07
chr8	22101971	22103206	1236	*	7.17	6.82	7.46	-0.64	3.37e-11	8.63e-07
chr19	45970734	45971392	659	*	5.76	4.86	6.31	-1.45	3.94e-11	9.07e-07
chrX	83989782	83990425	644	*	5.35	5.95	4.29	1.66	5.52e-11	1.15e-06
chr19	4399987	4400826	840	*	6.62	6.01	7.05	-1.04	2.23e-10	4.06e-06
chr19	45971430	45971751	322	*	4.16	2.57	4.9	-2.33	2.56e-10	4.06e-06
chr2	126400788	126401631	844	*	6.31	6.73	5.72	1.01	2.62e-10	4.06e-06
chr12	49581950	49583158	1209	*	6.62	6.08	7.02	-0.93	2.65e-10	4.06e-06
chr17	4736375	4737025	651	*	5.98	5.34	6.43	-1.08	3.07e-10	4.42e-06
chr8	29198807	29199291	485	*	4.39	3.16	5.04	-1.88	3.37e-10	4.56e-06
chr7	154958282	154958896	615	*	6.04	5.48	6.44	-0.96	4.86e-10	6.22e-06
chr22	37171848	37172725	878	*	6.87	6.39	7.24	-0.85	8.34e-10	1.01e-05
chr19	17336849	17337860	1012	*	6.37	5.8	6.78	-0.98	9.32e-10	1.07e-05
chr16	27338023	27338987	965	*	6.33	5.84	6.69	-0.84	1.07e-09	1.18e-05
chr19	10679282	10680036	755	*	6.87	6.35	7.25	-0.89	1.49e-09	1.51e-05
chr6	37598012	37598523	512	*	5.14	4.36	5.65	-1.29	1.51e-09	1.51e-05
chr19	1605180	1606234	1055	*	6.55	6.02	6.94	-0.91	1.83e-09	1.75e-05
chr17	74732508	74734223	1716	*	7.97	7.27	8.43	-1.16	1.96e-09	1.8e-05
chr7	99716568	99718205	1638	*	6.25	5.73	6.63	-0.9	2.57e-09	2.28e-05
chr19	45958941	45959859	919	*	5.54	4.88	5.99	-1.11	2.96e-09	2.43e-05
chr17	41399809	41401237	1429	*	8.01	7.52	8.38	-0.86	2.96e-09	2.43e-05
chr1	224914474	224915005	532	*	6.02	5.46	6.41	-0.95	3.14e-09	2.49e-05
chr17	8150971	8151596	626	*	5.68	4.82	6.21	-1.38	3.83e-09	2.93e-05
chr19	13957305	13958843	1539	*	7	6.48	7.38	-0.9	4.92e-09	3.65e-05
chr1	236073670	236074342	673	*	5.45	4.76	5.92	-1.16	5.76e-09	4.14e-05
chr17	7738118	7738425	308	*	4.43	3.43	5.02	-1.59	6.66e-09	4.65e-05
chr16	46391820	46392110	291	*	5.44	4.76	5.9	-1.14	7.14e-09	4.83e-05
chr1	145396635	145397943	1309	*	6.21	5.65	6.62	-0.96	9.57e-09	6.29e-05
chr10	79110318	79110826	509	*	4.22	3.06	4.85	-1.79	1.13e-08	7.24e-05
chr11	64051912	64053603	1692	*	7.11	6.6	7.49	-0.88	1.17e-08	7.28e-05
chr3	43731983	43733213	1231	*	7.42	7.07	7.7	-0.63	1.57e-08	9.23e-05
chr22	32149475	32150495	1021	*	6.62	6.19	6.96	-0.77	1.57e-08	9.23e-05
chr19	39342425	39342881	457	*	6.02	5.29	6.5	-1.22	1.89e-08	0.000107
chr1	565345	565654	310	*	5.2	4.46	5.68	-1.22	1.91e-08	0.000107
chr17	7760122	7761542	1421	*	6.99	6.51	7.35	-0.84	2.03e-08	0.000111
chr11	64036747	64038298	1552	*	7.45	6.88	7.86	-0.98	3.2e-08	0.000171
chr5	912429	913178	750	*	7.07	6.67	7.39	-0.72	3.73e-08	0.000195
chr11	66886883	66887214	332	*	4.4	3.28	5.02	-1.74	4e-08	0.000205
chr12	108699354	108699686	333	*	3.17	1.47	3.93	-2.45	4.79e-08	0.000239
chr2	18038303	18038891	589	*	5.39	4.74	5.84	-1.11	4.93e-08	0.000242
chr17	41465610	41466853	1244	*	7.9	7.39	8.28	-0.89	5.33e-08	0.000256
chr6	43737316	43738083	768	*	6.39	5.78	6.81	-1.04	5.76e-08	0.00027
chr16	46388337	46388646	310	*	5.06	4.23	5.58	-1.34	5.94e-08	0.000273
chr16	75339263	75339760	498	*	5.33	4.65	5.79	-1.14	6.22e-08	0.00028
chr16	2014557	2015337	781	*	6.58	5.91	7.03	-1.12	6.35e-08	0.000281
chr19	924898	926274	1377	*	6.34	5.87	6.68	-0.81	6.58e-08	0.000286
chr16	67143249	67144843	1595	*	6.71	6.35	7	-0.65	6.95e-08	0.000296
chr10	124228332	124229102	771	*	5.62	5.02	6.04	-1.02	8.17e-08	0.000342
chr17	38478541	38479538	998	*	6.58	6.17	6.89	-0.72	8.88e-08	0.000365
chr19	572168	573012	845	*	6.75	6.1	7.2	-1.11	1.02e-07	0.00041
chr15	94372641	94373230	590	*	5.97	5.44	6.36	-0.92	1.07e-07	0.000426
chr6	134356754	134357327	574	*	4.07	2.88	4.72	-1.83	1.13e-07	0.00044
chr17	1100525	1101768	1244	*	6.89	6.51	7.2	-0.68	1.17e-07	0.00045
chr19	56825808	56827094	1287	*	7.5	7.25	7.71	-0.47	1.22e-07	0.000462
chr19	6530704	6531581	878	*	6.31	5.46	6.84	-1.38	1.25e-07	0.000462
chr19	9419914	9420983	1070	*	6.55	6.16	6.86	-0.71	1.36e-07	0.000495
chr19	1354388	1355272	885	*	6.14	5.46	6.6	-1.14	1.38e-07	0.000495
chr19	27731903	27732366	464	*	5.68	5.15	6.06	-0.92	1.41e-07	5e-04
chr1	151138151	151138880	730	*	5.65	5.07	6.07	-0.99	1.52e-07	0.000524
chr19	1248332	1249391	1060	*	6.93	6.19	7.41	-1.23	1.53e-07	0.000524
chr15	33446670	33447473	804	*	5.91	5.41	6.28	-0.87	1.55e-07	0.000524
chr17	17398890	17400591	1702	*	6.66	6.08	7.07	-0.99	1.64e-07	0.000547
chr16	58162803	58163875	1073	*	7.31	6.99	7.58	-0.59	1.68e-07	0.000547
chr2	133033289	133033613	325	*	5.85	5.25	6.28	-1.03	1.69e-07	0.000547
chr16	72127259	72128271	1013	*	7.61	7.32	7.84	-0.52	1.79e-07	0.000571
chr21	40752002	40753090	1089	*	6.72	6.36	7	-0.64	1.91e-07	0.000596
chr2	234883188	234883593	406	*	4.68	3.85	5.21	-1.35	1.92e-07	0.000596
chr20	48806859	48808605	1747	*	7.35	6.67	7.81	-1.14	2.18e-07	0.000659
chr17	7387460	7388493	1034	*	7.01	6.13	7.55	-1.42	2.18e-07	0.000659
chr19	49216998	49217989	992	*	6.38	5.83	6.77	-0.95	2.28e-07	0.000682
chr9	123165170	123166111	942	*	6.68	6.26	7	-0.74	2.31e-07	0.000682
chr8	99350405	99350842	438	*	4.02	2.69	4.7	-2.01	2.5e-07	0.000727
chr19	42037716	42038652	937	*	5.63	5.07	6.03	-0.96	2.6e-07	0.000749
chr16	30545526	30546663	1138	*	5.07	4.41	5.52	-1.11	2.64e-07	0.000749
chr17	4634443	4635295	853	*	5.89	5.26	6.32	-1.06	2.71e-07	0.000754
chr16	1470203	1471342	1140	*	6.85	6.44	7.17	-0.72	2.72e-07	0.000754
chr8	144363536	144364235	700	*	6.36	5.97	6.67	-0.7	2.77e-07	0.000758
chr7	2903113	2903811	699	*	6.26	5.8	6.6	-0.8	2.86e-07	0.000774
chr19	12902080	12902702	623	*	6.37	5.63	6.85	-1.22	2.92e-07	0.000778
chr2	127824447	127824872	426	*	5.22	4.55	5.68	-1.12	2.94e-07	0.000778
chr16	20911556	20912463	908	*	6.84	6.35	7.21	-0.87	2.98e-07	0.000778
chr19	14116463	14118000	1538	*	7.13	6.65	7.48	-0.83	3.04e-07	0.000787
chr22	39919473	39919736	264	*	3.96	2.95	4.55	-1.6	3.19e-07	0.000816
chrX	48748374	48749428	1055	*	6.05	5.57	6.41	-0.84	3.31e-07	0.000836
chr3	56590872	56591886	1015	*	7.15	6.83	7.41	-0.59	3.35e-07	0.000837
chr1	154244542	154245239	698	*	6.01	5.42	6.42	-1	3.39e-07	0.000839
chr3	127309151	127310283	1133	*	7.44	7.11	7.71	-0.6	3.48e-07	0.000845
chr17	40086417	40087038	622	*	6.09	5.56	6.48	-0.92	3.51e-07	0.000845
chr19	49954827	49955370	544	*	5.72	5.2	6.11	-0.91	3.53e-07	0.000845
chr8	93961053	93961438	386	*	4.09	4.7	3.01	1.69	3.58e-07	0.000845
chr12	108908569	108909491	923	*	7.24	6.92	7.51	-0.58	3.67e-07	0.000845
chr8	130560644	130561041	398	*	5.04	5.51	4.34	1.17	3.69e-07	0.000845
chr18	73120436	73121365	930	*	5.58	5.02	5.98	-0.95	3.7e-07	0.000845
chr5	97906335	97906765	431	*	3.19	3.95	1.47	2.48	3.74e-07	0.000845
chr8	99317136	99317520	385	*	3.88	2.75	4.5	-1.75	3.75e-07	0.000845
chr1	156083788	156084896	1109	*	5.5	4.78	5.98	-1.19	3.88e-07	0.000868
chr17	41381634	41382483	850	*	6.76	6.24	7.14	-0.9	3.99e-07	0.000883
chr17	37025439	37027074	1636	*	6.91	6.18	7.39	-1.21	4.14e-07	0.000907
chr19	27733125	27733423	299	*	4.91	4.19	5.38	-1.19	4.28e-07	0.000925
chr17	33390444	33391093	650	*	5.47	4.9	5.87	-0.97	4.3e-07	0.000925
chr20	25218252	25218828	577	*	6.15	5.72	6.47	-0.75	4.46e-07	0.00095
chr3	49388735	49388946	212	*	2.54	0.23	3.39	-3.16	4.56e-07	0.000963
chr14	77923635	77925042	1408	*	7.73	7.48	7.94	-0.46	4.96e-07	0.00104
chr17	8089938	8090805	868	*	6	5.35	6.45	-1.1	5e-07	0.00104
chr19	45926705	45927761	1057	*	6.06	5.37	6.52	-1.15	5.24e-07	0.00107
chr1	31229298	31230165	868	*	6.72	6.36	7.02	-0.66	5.25e-07	0.00107
chr20	62573584	62574025	442	*	5.14	4.42	5.62	-1.21	5.41e-07	0.00109
chr8	134308556	134309041	486	*	5.98	5.18	6.49	-1.31	5.52e-07	0.0011
chr1	221951093	221951453	361	*	5.02	5.48	4.32	1.17	5.58e-07	0.00111
chr16	24285200	24285520	321	*	3.13	1.42	3.89	-2.47	5.74e-07	0.00112
chr19	42746502	42747580	1079	*	7.36	6.85	7.74	-0.89	5.79e-07	0.00112
chr20	31349588	31350936	1349	*	6.34	5.9	6.68	-0.78	5.8e-07	0.00112
chr11	70244228	70244972	745	*	5.8	5.24	6.2	-0.96	5.99e-07	0.00115
chr17	19410562	19412124	1563	*	6.07	5.65	6.39	-0.74	6.34e-07	0.0012
chr16	29818920	29819404	485	*	5.75	5.07	6.21	-1.14	6.44e-07	0.00121
chr1	202584528	202585981	1454	*	7.14	6.87	7.37	-0.49	6.74e-07	0.00125
chr2	27578974	27580220	1247	*	6.98	6.66	7.24	-0.58	6.75e-07	0.00125
chr1	150551375	150552540	1166	*	6.74	6	7.23	-1.23	6.9e-07	0.00125
chr19	984102	984653	552	*	5.26	4.64	5.7	-1.07	6.91e-07	0.00125
chr3	53303838	53304573	736	*	6.5	6.12	6.8	-0.68	6.91e-07	0.00125
chr8	130603778	130604845	1068	*	6.5	6.87	5.99	0.88	7.12e-07	0.00128
chr2	241564291	241565102	812	*	5.85	5.37	6.21	-0.83	7.28e-07	0.0013
chr19	12904264	12904947	684	*	6.36	5.52	6.88	-1.36	7.39e-07	0.00131
chr12	111825398	111825797	400	*	2.34	-0.06	3.2	-3.27	7.74e-07	0.00136
chr6	42896762	42898098	1337	*	8	7.62	8.3	-0.68	8.1e-07	0.00141
chr3	59864622	59865412	791	*	4.92	5.41	4.16	1.25	8.19e-07	0.00142
chr14	102430460	102431929	1470	*	7.52	7.19	7.79	-0.59	8.31e-07	0.00143
chr17	7146107	7146598	492	*	4.88	4.17	5.35	-1.18	8.51e-07	0.00145
chr6	36646165	36647288	1124	*	7.06	6.44	7.5	-1.06	8.64e-07	0.00146
chr7	140858428	140858737	310	*	3.83	2.65	4.47	-1.82	8.78e-07	0.00147
chr7	23636638	23637800	1163	*	7.6	7.37	7.79	-0.43	8.92e-07	0.00149
chr13	31038404	31039427	1024	*	6.57	5.88	7.04	-1.16	9.45e-07	0.00155
chr2	69405287	69405815	529	*	6.5	6.09	6.81	-0.72	9.46e-07	0.00155
chr1	156710425	156711457	1033	*	7.12	6.72	7.44	-0.71	9.83e-07	0.0016
chr1	33895963	33897049	1087	*	6.94	6.64	7.19	-0.55	1.03e-06	0.00167
chr6	43978394	43978950	557	*	5.62	5.14	5.98	-0.85	1.08e-06	0.00175
chr6	41888545	41889741	1197	*	7.17	6.62	7.57	-0.96	1.11e-06	0.00177
chr5	175168491	175169045	555	*	5.37	4.77	5.79	-1.02	1.14e-06	0.0018
chr3	79317518	79317983	466	*	4.54	5.09	3.62	1.47	1.14e-06	0.0018
chr6	36561323	36562526	1204	*	7.17	6.68	7.54	-0.86	1.19e-06	0.00186
chr11	65189466	65190765	1300	*	6.68	5.83	7.21	-1.38	1.2e-06	0.00186
chr6	58776479	58777018	540	*	7.85	7.33	8.24	-0.9	1.23e-06	0.00189
chr19	47248894	47250078	1185	*	5.62	5.1	6	-0.9	1.23e-06	0.00189
chr17	61904155	61905219	1065	*	6.31	5.93	6.62	-0.7	1.25e-06	0.00189
chr1	153643183	153643998	816	*	6.48	6.09	6.79	-0.7	1.25e-06	0.00189
chr19	47730279	47730565	287	*	4.68	3.85	5.2	-1.35	1.26e-06	0.00189
chr11	62432379	62433879	1501	*	6.79	6.23	7.19	-0.95	1.26e-06	0.00189
chr5	166659501	166660255	755	*	5.41	5.8	4.86	0.95	1.29e-06	0.00192
chr12	6276773	6277516	744	*	5.73	5.1	6.16	-1.06	1.3e-06	0.00192
chr16	5083168	5084061	894	*	5.99	5.55	6.32	-0.77	1.31e-06	0.00192
chr17	7486809	7487477	669	*	5.95	5.39	6.35	-0.96	1.4e-06	0.00203
chr2	97197724	97198123	400	*	4.67	3.9	5.17	-1.28	1.43e-06	0.00205
chr20	56273308	56273583	276	*	2.58	0.6	3.39	-2.79	1.44e-06	0.00205
chr8	21966303	21967416	1114	*	7.56	7.23	7.83	-0.59	1.44e-06	0.00205
chr19	13262300	13263121	822	*	6.86	6.19	7.32	-1.13	1.47e-06	0.00209
chr1	210770811	210772052	1242	*	7.13	6.73	7.45	-0.72	1.48e-06	0.00209
chr1	2221584	2222550	967	*	6.02	5.58	6.36	-0.78	1.51e-06	0.00211
chr21	20250185	20250771	587	*	3.13	3.92	1.21	2.71	1.54e-06	0.00215
chr6	31830206	31831015	810	*	6.62	6.15	6.97	-0.82	1.55e-06	0.00215
chr17	56064920	56066310	1391	*	6.68	6.22	7.02	-0.81	1.6e-06	0.00221
chr16	90061094	90062633	1540	*	6.47	5.38	7.08	-1.71	1.68e-06	0.00229
chr8	49701175	49701857	683	*	5.43	4.84	5.85	-1.01	1.69e-06	0.00229
chr16	46392986	46393347	362	*	5.37	4.63	5.85	-1.22	1.7e-06	0.00229
chr19	9902311	9903844	1534	*	6.33	5.69	6.77	-1.08	1.73e-06	0.00233
chr1	151253655	151255186	1532	*	8.01	7.47	8.4	-0.93	1.76e-06	0.00235
chr1	150135317	150135763	447	*	4.83	4.02	5.34	-1.32	1.88e-06	0.0025
chr1	245442362	245443054	693	*	4.9	4.22	5.35	-1.13	1.9e-06	0.00251
chr17	8054408	8054884	477	*	5.22	4.6	5.65	-1.05	2.06e-06	0.00271
chr19	45681194	45682324	1131	*	7.53	7.16	7.83	-0.67	2.19e-06	0.00285
chr19	18391067	18391451	385	*	5.37	4.51	5.91	-1.4	2.19e-06	0.00285
chr17	33700214	33700863	650	*	5.38	4.74	5.82	-1.09	2.21e-06	0.00285
chr16	56965339	56967149	1811	*	7.51	7.18	7.78	-0.6	2.22e-06	0.00285
chr1	47081648	47082733	1086	*	6.22	5.81	6.54	-0.73	2.23e-06	0.00285
chr17	8041895	8042694	800	*	6.05	5.53	6.43	-0.9	2.29e-06	0.00291
chr19	36391016	36391600	585	*	4.93	3.98	5.5	-1.52	2.33e-06	0.00294
chr10	14879724	14880833	1110	*	7.35	7.07	7.58	-0.5	2.34e-06	0.00294
chr1	203274149	203275895	1747	*	7.93	7.39	8.32	-0.94	2.36e-06	0.00295
chr17	28256322	28257617	1296	*	6.18	5.81	6.48	-0.67	2.42e-06	0.00301
chr15	31620036	31620496	461	*	5.43	4.67	5.92	-1.25	2.51e-06	0.00311
chr19	10764208	10765536	1329	*	7.3	6.63	7.76	-1.14	2.53e-06	0.00311
chr11	64684412	64685139	728	*	6.8	6.3	7.17	-0.87	2.54e-06	0.00311
chr17	7386986	7387376	391	*	4.63	3.78	5.16	-1.39	2.56e-06	0.00311
chr16	46394178	46394531	354	*	5.09	4.39	5.56	-1.17	2.57e-06	0.00312
chr12	15606520	15606951	432	*	4.36	4.92	3.45	1.47	2.67e-06	0.00322
chr17	8198386	8199173	788	*	5.72	5.25	6.08	-0.83	2.7e-06	0.00323
chr16	12008774	12010335	1562	*	7.43	6.94	7.8	-0.85	2.82e-06	0.00336
chr17	40985015	40985934	920	*	5.47	4.97	5.85	-0.88	2.88e-06	0.00341
chr18	18518030	18518233	204	*	4.83	4.16	5.29	-1.13	2.93e-06	0.00344
chr12	124950555	124951410	856	*	6.81	6.48	7.08	-0.6	2.93e-06	0.00344
chr11	32158766	32159201	436	*	3	1.46	3.72	-2.27	2.95e-06	0.00344
chr1	39657806	39658446	641	*	4.27	3.44	4.79	-1.35	2.98e-06	0.00346
chr5	177943660	177944393	734	*	4.24	4.81	3.28	1.53	3.02e-06	0.00346
chr10	134257504	134258007	504	*	5.67	5.16	6.05	-0.88	3.02e-06	0.00346
chr2	5495930	5496358	429	*	2.4	0.47	3.2	-2.73	3.02e-06	0.00346
chr10	99496381	99497675	1295	*	6.67	6.36	6.93	-0.57	3.09e-06	0.00351
chr19	49375389	49376493	1105	*	6.26	5.85	6.57	-0.72	3.1e-06	0.00351
chr13	99136996	99137537	542	*	5.53	5.04	5.9	-0.86	3.18e-06	0.00356
chr19	8488739	8489247	509	*	4.42	3.56	4.95	-1.4	3.18e-06	0.00356
chr5	16430493	16430965	473	*	2.72	0.98	3.48	-2.51	3.18e-06	0.00356
chr16	2010794	2011143	350	*	4.71	3.96	5.21	-1.25	3.29e-06	0.00366
chr17	4851678	4852615	938	*	6.44	5.77	6.9	-1.13	3.35e-06	0.00371
chr11	65343167	65343614	448	*	5.16	4.44	5.64	-1.2	3.38e-06	0.00372
chr7	1543586	1544406	821	*	6.47	6.14	6.73	-0.59	3.39e-06	0.00372
chr7	30292416	30292963	548	*	4.36	3.56	4.87	-1.3	3.45e-06	0.00376
chr7	2001421	2001948	528	*	3.22	1.91	3.89	-1.99	3.48e-06	0.00376
chr16	30662437	30663133	697	*	5.56	5.04	5.95	-0.91	3.48e-06	0.00376
chr12	53614515	53615247	733	*	5.68	5.22	6.03	-0.81	3.49e-06	0.00376
chr16	29605921	29606121	201	*	3.48	2.31	4.12	-1.81	3.52e-06	0.00376
chr17	25571400	25572793	1394	*	7.07	6.82	7.29	-0.47	3.75e-06	0.00399
chr16	46403582	46403855	274	*	5.75	5.22	6.14	-0.93	3.83e-06	0.00405
chr8	143316268	143316778	511	*	4.27	3.46	4.78	-1.32	3.83e-06	0.00405
chr8	134468943	134469410	468	*	4.42	3.57	4.95	-1.38	3.9e-06	0.00409
chr19	50179835	50180670	836	*	7.14	6.7	7.48	-0.77	4.05e-06	0.00422
chr1	35657500	35659119	1620	*	7.73	7.25	8.08	-0.83	4.06e-06	0.00422
chr11	65274045	65275375	1331	*	6.09	4.93	6.72	-1.79	4.22e-06	0.00434
chr5	163699019	163699282	264	*	2.05	-0.36	2.9	-3.26	4.24e-06	0.00434
chr4	152026585	152027119	535	*	4.77	4.07	5.25	-1.17	4.26e-06	0.00434
chr11	58493919	58494645	727	*	4.59	5.08	3.84	1.24	4.27e-06	0.00434
chr14	88237497	88237891	395	*	6.31	5.87	6.64	-0.77	4.28e-06	0.00434
chr20	32699548	32700450	903	*	6.66	6.22	7	-0.78	4.28e-06	0.00434
chr15	41785339	41786328	990	*	5.84	5.42	6.17	-0.75	4.36e-06	0.00439
chr5	170216486	170216684	199	*	2.35	0.23	3.18	-2.94	4.37e-06	0.00439
chr17	27229383	27230485	1103	*	6.71	6.21	7.08	-0.87	4.46e-06	0.00445
chr19	12791969	12792893	925	*	5.77	5.1	6.23	-1.13	4.47e-06	0.00445
chr3	115155418	115156164	747	*	6.31	5.92	6.61	-0.7	4.53e-06	0.00448
chr19	44258603	44259728	1126	*	6.88	6.41	7.23	-0.82	4.53e-06	0.00448
chr19	3985047	3985728	682	*	5.91	5.33	6.31	-0.98	4.56e-06	0.00448
chr1	181057423	181058796	1374	*	7.99	7.53	8.34	-0.81	4.61e-06	0.0045
chr17	48277396	48278414	1019	*	5.22	4.67	5.62	-0.95	4.62e-06	0.0045
chr1	111991249	111992418	1170	*	6.65	6.31	6.92	-0.61	4.65e-06	0.00452
chr3	50648917	50649792	876	*	6.98	6.7	7.2	-0.5	4.7e-06	0.00454
chr9	33289990	33290856	867	*	7.14	6.78	7.43	-0.65	4.73e-06	0.00455
chr17	45797287	45797647	361	*	2.53	0.61	3.33	-2.72	4.8e-06	0.0046
chr3	49966734	49967806	1073	*	6.25	5.87	6.55	-0.68	4.84e-06	0.00462
chr9	79186587	79186946	360	*	6.25	5.72	6.64	-0.92	5.02e-06	0.00477
chr17	17942212	17943406	1195	*	6.99	6.61	7.29	-0.68	5.06e-06	0.00479
chr12	50418678	50419722	1045	*	6.31	5.91	6.62	-0.71	5.25e-06	0.00495
chr5	109274695	109275363	669	*	6.43	6.05	6.74	-0.69	5.39e-06	0.00505
chr1	44395233	44395577	345	*	4.63	3.87	5.12	-1.25	5.39e-06	0.00505
chr12	53400623	53400926	304	*	4.47	3.7	4.97	-1.27	5.43e-06	0.00506
chr11	76155429	76157088	1660	*	7.73	7.44	7.97	-0.53	5.48e-06	0.00509
chr1	15852920	15853623	704	*	7.06	6.65	7.38	-0.73	5.52e-06	0.0051
chr1	168592373	168592822	450	*	4.81	4.14	5.26	-1.13	5.57e-06	0.00512
chr19	13208533	13208950	418	*	4.39	3.62	4.89	-1.27	5.63e-06	0.00515
chr3	63980530	63981100	571	*	4.77	4.11	5.22	-1.1	5.64e-06	0.00515
chr8	145022564	145023061	498	*	5.87	5.15	6.35	-1.2	5.71e-06	0.00519
chr12	23820413	23820796	384	*	3.65	4.27	2.52	1.76	5.82e-06	0.00527
chr16	31084359	31085339	981	*	6.82	6.29	7.2	-0.91	5.89e-06	0.0053
chr8	109132386	109132933	548	*	5.64	5.15	6.01	-0.86	5.9e-06	0.0053
chr20	34149085	34149401	317	*	2.7	0.94	3.47	-2.53	5.98e-06	0.00536
chr6	148737426	148738016	591	*	5.36	5.81	4.71	1.1	6.03e-06	0.00538
chr19	41283760	41284680	921	*	6.74	6.22	7.12	-0.9	6.05e-06	0.00538
chr17	27620620	27621578	959	*	6.83	6.4	7.16	-0.76	6.17e-06	0.00546
chr17	3571302	3572462	1161	*	6.99	6.46	7.37	-0.92	6.27e-06	0.00553
chr17	72868751	72869884	1134	*	7.52	7.16	7.82	-0.66	6.47e-06	0.00568
chr16	89382244	89382948	705	*	4.81	4.17	5.25	-1.08	6.58e-06	0.00575
chr17	40828913	40829442	530	*	6.06	5.65	6.38	-0.73	6.63e-06	0.00578
chr12	74902660	74902977	318	*	2.72	3.51	0.82	2.69	6.74e-06	0.00584
chr19	46389062	46390422	1361	*	6.59	6.09	6.97	-0.88	6.77e-06	0.00584
chr1	55316375	55316802	428	*	5.15	4.32	5.68	-1.35	6.77e-06	0.00584
chr3	50387930	50388735	806	*	6.92	6.66	7.14	-0.48	6.84e-06	0.00587
chr3	2677199	2678053	855	*	5.54	5.93	5.02	0.91	6.86e-06	0.00587
chr1	224872452	224873185	734	*	5.12	4.54	5.54	-1	6.96e-06	0.00592
chr2	145171742	145172544	803	*	6.58	6.24	6.86	-0.62	6.98e-06	0.00592
chr17	8868320	8869596	1277	*	6.41	6	6.73	-0.73	7.01e-06	0.00592
chr12	129283581	129283846	266	*	2.16	-0.06	2.99	-3.06	7.08e-06	0.00592
chr18	46524260	46524990	731	*	5.11	4.41	5.57	-1.16	7.09e-06	0.00592
chr22	46545837	46547040	1204	*	6.6	6.08	6.98	-0.9	7.13e-06	0.00592
chr5	137673101	137674603	1503	*	7.66	7.18	8.02	-0.85	7.14e-06	0.00592
chr16	14580809	14581053	245	*	5.66	5.07	6.07	-1	7.14e-06	0.00592
chr17	41622625	41624208	1584	*	6.29	5.9	6.6	-0.7	7.17e-06	0.00592
chr7	51191415	51191746	332	*	4.14	3.18	4.71	-1.54	7.19e-06	0.00592
chr16	19078628	19079708	1081	*	6.54	6.04	6.91	-0.87	7.21e-06	0.00592
chr7	154624271	154624624	354	*	3.36	2.17	4	-1.82	7.4e-06	0.00606
chr11	65624472	65625957	1486	*	7.38	6.69	7.85	-1.16	7.71e-06	0.00629
chr15	78504925	78505416	492	*	3.98	3.09	4.52	-1.44	7.74e-06	0.00629
chr17	41149944	41150800	857	*	6.37	5.95	6.7	-0.75	7.9e-06	0.0064
chr17	16189150	16190475	1326	*	6.59	6.27	6.86	-0.59	8.05e-06	0.0065
chr20	17730986	17731400	415	*	2.12	-0.06	2.95	-3.01	8.13e-06	0.00654
chr19	41769557	41770558	1002	*	7.29	6.75	7.69	-0.94	8.26e-06	0.00662
chr16	46388849	46389276	428	*	5.42	4.75	5.88	-1.13	8.33e-06	0.00666
chr17	7788598	7789251	654	*	4.88	4.28	5.3	-1.02	8.39e-06	0.00668
chr3	56357819	56358405	587	*	4.75	3.91	5.27	-1.36	8.45e-06	0.0067
chr6	111196234	111197739	1506	*	7.37	6.94	7.7	-0.77	8.49e-06	0.00671
chr1	154599604	154600646	1043	*	5.41	4.91	5.77	-0.86	8.65e-06	0.00675
chr14	64348675	64348968	294	*	2.98	3.7	1.45	2.24	8.65e-06	0.00675
chr18	60759561	60760176	616	*	5.41	5.82	4.85	0.97	8.65e-06	0.00675
chr17	77005396	77006428	1033	*	6.06	5.58	6.42	-0.84	8.65e-06	0.00675
chr19	49469153	49469425	273	*	4.38	3.51	4.93	-1.41	8.89e-06	0.00689
chr6	31619649	31621044	1396	*	6.84	6.27	7.24	-0.97	8.89e-06	0.00689
chr2	186602954	186603193	240	*	2.57	0.83	3.33	-2.5	9.02e-06	0.00696
chr16	51465402	51466021	620	*	5.63	5.13	5.99	-0.86	9.14e-06	0.00703
chr3	40300078	40300521	444	*	4.25	3.46	4.75	-1.29	9.37e-06	0.00718
chr11	65626816	65627277	462	*	6.15	5.53	6.58	-1.05	9.4e-06	0.00718
chr1	154580314	154581010	697	*	5.32	4.79	5.7	-0.91	9.68e-06	0.00733
chr11	46721809	46722663	855	*	6.62	6.21	6.93	-0.71	9.68e-06	0.00733
chr19	45542120	45542986	867	*	5.57	5.09	5.93	-0.84	9.68e-06	0.00733
chr4	54152009	54152379	371	*	2.27	0.18	3.09	-2.91	1.01e-05	0.0076
chr11	587888	588407	520	*	5.4	4.93	5.76	-0.83	1.01e-05	0.0076
chr17	8090913	8091377	465	*	5.91	5.25	6.37	-1.12	1.01e-05	0.0076
chr1	231162810	231163169	360	*	2.61	0.77	3.39	-2.62	1.02e-05	0.00763
chr15	97467786	97468256	471	*	4.21	4.73	3.37	1.36	1.03e-05	0.00768
chr9	138818557	138819296	740	*	3.98	3.14	4.51	-1.36	1.04e-05	0.00768
chr3	49382535	49383065	531	*	5.1	4.39	5.58	-1.2	1.04e-05	0.00768
chr1	161087286	161088253	968	*	6.55	6.16	6.85	-0.69	1.04e-05	0.00769
chr6	119558499	119558811	313	*	6.29	5.86	6.62	-0.76	1.05e-05	0.00775
chr14	75743668	75744199	532	*	5.77	5.36	6.09	-0.73	1.06e-05	0.00775
chr6	44355089	44356157	1069	*	7.32	7.02	7.57	-0.55	1.07e-05	0.0078
chr6	36702392	36703375	984	*	6.02	5.62	6.33	-0.71	1.07e-05	0.0078
chr6	58777080	58779336	2257	*	10.08	9.59	10.45	-0.85	1.08e-05	0.00786
chr6	31648417	31648826	410	*	3.32	2.07	3.98	-1.91	1.09e-05	0.00787
chr4	72096271	72097193	923	*	5.35	5.76	4.79	0.97	1.09e-05	0.00787
chr11	62320721	62321351	631	*	4.95	4.37	5.36	-1	1.09e-05	0.00787
chr16	19533052	19533661	610	*	6.13	5.75	6.43	-0.68	1.1e-05	0.00789
chr15	87177254	87177665	412	*	3.34	4	2.1	1.9	1.11e-05	0.0079
chr22	32339728	32341072	1345	*	7.12	6.51	7.54	-1.03	1.11e-05	0.0079
chr19	40476307	40477379	1073	*	7.04	6.65	7.35	-0.7	1.11e-05	0.0079
chr2	183546863	183547362	500	*	4.99	5.43	4.34	1.1	1.13e-05	0.00797
chr1	175395170	175395800	631	*	3.33	1.93	4.03	-2.1	1.13e-05	0.00797
chr9	90328283	90328825	543	*	4.7	4.01	5.16	-1.15	1.13e-05	0.00798
chr1	114301473	114302799	1327	*	7.14	6.88	7.37	-0.49	1.15e-05	0.0081
chr20	39687050	39687466	417	*	3.01	1.39	3.76	-2.36	1.19e-05	0.00832
chr10	102045759	102046777	1019	*	6.66	6.35	6.92	-0.57	1.21e-05	0.00841
chr17	43226609	43226989	381	*	4.83	4.12	5.3	-1.18	1.21e-05	0.00841
chr3	158308739	158309273	535	*	4.24	3.36	4.79	-1.43	1.21e-05	0.00842
chr1	47940056	47940491	436	*	2.43	0.57	3.22	-2.65	1.23e-05	0.00852
chr2	53444340	53444868	529	*	4.01	4.58	3.05	1.53	1.24e-05	0.00852
chr19	5622286	5623482	1197	*	7.1	6.55	7.5	-0.95	1.24e-05	0.00854
chr11	65264764	65265490	727	*	6.88	6.37	7.25	-0.87	1.25e-05	0.00858
chr22	41842467	41843400	934	*	6.39	5.87	6.77	-0.91	1.26e-05	0.00858
chr19	2049877	2051734	1858	*	7.38	6.67	7.85	-1.19	1.28e-05	0.00871
chr1	17222947	17223395	449	*	4.3	3.52	4.8	-1.29	1.28e-05	0.00872
chr11	64794602	64795421	820	*	5.7	5.24	6.04	-0.8	1.29e-05	0.00872
chr19	19143897	19144816	920	*	6.65	6.26	6.96	-0.7	1.29e-05	0.00874
chr1	36689483	36690574	1092	*	7.49	7.05	7.83	-0.78	1.3e-05	0.00876
chr19	1249440	1250047	608	*	6.56	5.8	7.06	-1.26	1.31e-05	0.00878
chr5	134581297	134582007	711	*	4.24	3.31	4.8	-1.49	1.32e-05	0.0088
chr1	194258647	194259214	568	*	5.23	5.64	4.66	0.98	1.32e-05	0.0088
chr5	123303215	123303522	308	*	1.91	-0.36	2.75	-3.11	1.32e-05	0.0088
chr11	67084673	67085801	1129	*	6.29	5.76	6.67	-0.91	1.34e-05	0.00885
chr19	7716969	7717458	490	*	4.41	3.62	4.92	-1.3	1.35e-05	0.00885
chr11	62358808	62359949	1142	*	6.81	6.39	7.13	-0.73	1.35e-05	0.00885
chr18	21032882	21033646	765	*	6.68	6.36	6.95	-0.59	1.35e-05	0.00885
chr2	206399658	206400126	469	*	4.88	5.32	4.25	1.07	1.36e-05	0.00885
chr2	26100305	26101850	1546	*	7.62	7.2	7.94	-0.74	1.36e-05	0.00885
chr11	65769364	65770522	1159	*	6.37	5.86	6.74	-0.88	1.36e-05	0.00885
chr19	56915100	56916333	1234	*	7.47	7.2	7.7	-0.5	1.36e-05	0.00885
chr11	22702290	22702477	188	*	2.71	3.48	0.94	2.54	1.37e-05	0.0089
chr2	32234506	32235300	795	*	5.83	5.42	6.15	-0.73	1.38e-05	0.00892
chr16	2732192	2733102	911	*	6.14	5.62	6.51	-0.89	1.39e-05	0.00893
chr1	229105246	229105550	305	*	2.33	0.43	3.13	-2.69	1.42e-05	0.00912
chr11	62656723	62657630	908	*	4.62	3.71	5.17	-1.45	1.43e-05	0.00914
chr19	3683340	3684609	1270	*	5.08	4.43	5.52	-1.1	1.44e-05	0.00917
chr15	86307009	86307224	216	*	2.41	0.39	3.22	-2.83	1.47e-05	0.00935
chr10	73625628	73626020	393	*	2.41	0.39	3.22	-2.84	1.49e-05	0.00942
chr2	44588835	44589603	769	*	5.55	5.11	5.88	-0.78	1.49e-05	0.00942
chr10	6244417	6245756	1340	*	7.41	6.93	7.76	-0.84	1.54e-05	0.00975
chr11	61734418	61735531	1114	*	6.25	5.43	6.77	-1.34	1.55e-05	0.00975
chr13	106752745	106753355	611	*	5.1	5.5	4.53	0.97	1.55e-05	0.00976
chr17	7297474	7298540	1067	*	6.04	5.54	6.4	-0.86	1.57e-05	0.00985
chr8	77521432	77521869	438	*	5.14	5.61	4.45	1.16	1.59e-05	0.00996
chr2	27425761	27426127	367	*	3.24	2.13	3.86	-1.73	1.61e-05	0.01
chr1	47876542	47876900	359	*	3.36	2.08	4.03	-1.94	1.64e-05	0.0102
chr5	151124577	151125136	560	*	5.07	4.5	5.48	-0.98	1.65e-05	0.0102
chr12	128235056	128235381	326	*	2.12	0	2.94	-2.95	1.66e-05	0.0102
chr4	107504692	107505075	384	*	4.73	4.06	5.19	-1.12	1.66e-05	0.0102
chr10	125979632	125980425	794	*	6.4	6.08	6.67	-0.59	1.68e-05	0.0103
chr22	39151762	39152480	719	*	5.78	5.23	6.18	-0.95	1.68e-05	0.0103
chr17	4045856	4046610	755	*	6.51	6.05	6.86	-0.81	1.68e-05	0.0103
chr14	106189714	106190102	389	*	2.06	-0.06	2.89	-2.95	1.69e-05	0.0103
chr9	33158864	33160101	1238	*	5.82	5.43	6.13	-0.7	1.7e-05	0.0103
chr8	81428545	81428884	340	*	3.06	3.78	1.6	2.18	1.7e-05	0.0103
chr10	99297188	99297444	257	*	2.07	0	2.89	-2.89	1.71e-05	0.0104
chr1	3816557	3818136	1580	*	7.5	7.14	7.78	-0.64	1.72e-05	0.0104
chr11	65149553	65150377	825	*	5.92	5.48	6.25	-0.78	1.72e-05	0.0104
chr19	5719787	5720938	1152	*	7.36	6.76	7.79	-1.02	1.73e-05	0.0104
chr19	13263679	13264232	554	*	6.04	5.34	6.51	-1.17	1.75e-05	0.0105
chr1	21112703	21114134	1432	*	7.92	7.48	8.26	-0.78	1.76e-05	0.0105
chr19	50379595	50381491	1897	*	7.99	7.5	8.36	-0.86	1.78e-05	0.0106
chr4	80599733	80600129	397	*	2.41	3.21	0.45	2.76	1.8e-05	0.0107
chr10	74032660	74033228	569	*	4.89	4.3	5.31	-1	1.8e-05	0.0107
chr10	105201666	105202183	518	*	3.7	2.82	4.24	-1.42	1.82e-05	0.0108
chr10	11183409	11183878	470	*	4.02	4.56	3.16	1.4	1.84e-05	0.0108
chr8	118210852	118211201	350	*	2.93	1.39	3.66	-2.26	1.84e-05	0.0108
chr19	15442301	15443712	1412	*	6.33	5.8	6.71	-0.91	1.86e-05	0.0109
chr8	133705147	133705560	414	*	2.03	-0.06	2.85	-2.91	1.87e-05	0.0109
chr7	72298506	72299143	638	*	7.12	6.79	7.39	-0.6	1.87e-05	0.0109
chr16	15736364	15737378	1015	*	6.14	5.49	6.58	-1.08	1.87e-05	0.0109
chr10	104212431	104213046	616	*	6.62	6.3	6.89	-0.59	1.88e-05	0.0109
chr11	12715324	12715732	409	*	3.5	2.38	4.12	-1.75	1.91e-05	0.011
chr6	42228312	42229272	961	*	4.37	3.64	4.86	-1.21	1.95e-05	0.0113
chr8	24857451	24858483	1033	*	7.03	6.74	7.27	-0.53	1.95e-05	0.0113
chr2	161146408	161146820	413	*	3.41	4.09	2.07	2.02	1.97e-05	0.0113
chr3	59545373	59546055	683	*	5.75	5.35	6.06	-0.71	1.97e-05	0.0113
chr16	4233219	4234287	1069	*	6.68	6.18	7.05	-0.86	2e-05	0.0114
chr13	37553349	37553717	369	*	3.24	2	3.9	-1.89	2.01e-05	0.0115
chr16	67269876	67270826	951	*	6.34	6.01	6.61	-0.6	2.05e-05	0.0117
chr10	73648350	73649094	745	*	6.73	6.41	6.99	-0.59	2.05e-05	0.0117
chr6	43254548	43255047	500	*	3.1	1.84	3.77	-1.93	2.07e-05	0.0117
chr7	28448465	28449255	791	*	7.13	6.82	7.38	-0.56	2.09e-05	0.0118
chr13	63881326	63881742	417	*	4.17	4.73	3.25	1.49	2.09e-05	0.0118
chr19	16435141	16436451	1311	*	6.46	5.74	6.94	-1.2	2.1e-05	0.0118
chr1	198010750	198011139	390	*	2.51	0.77	3.28	-2.51	2.12e-05	0.0119
chr3	71981608	71981942	335	*	2.02	-0.06	2.84	-2.9	2.14e-05	0.0119
chr10	118586713	118587180	468	*	3.06	1.86	3.71	-1.85	2.15e-05	0.0119
chr1	81105508	81106012	505	*	3.45	4.15	2.04	2.11	2.15e-05	0.0119
chr19	18529847	18530435	589	*	5.84	5.19	6.28	-1.09	2.15e-05	0.0119
chr22	35772743	35773440	698	*	5.3	4.81	5.66	-0.85	2.16e-05	0.0119
chr4	41935960	41936871	912	*	6.81	6.55	7.03	-0.48	2.16e-05	0.0119
chr6	43670338	43671173	836	*	4.5	3.81	4.97	-1.16	2.16e-05	0.0119
chr17	43225479	43226419	941	*	6.96	6.2	7.45	-1.25	2.17e-05	0.0119
chr1	116518552	116519754	1203	*	6.91	6.57	7.18	-0.61	2.17e-05	0.0119
chr10	104194253	104194636	384	*	3.67	2.72	4.24	-1.53	2.18e-05	0.0119
chr2	74448726	74449221	496	*	3.62	2.57	4.22	-1.65	2.19e-05	0.012
chr17	25620828	25622183	1356	*	7.17	6.83	7.45	-0.62	2.2e-05	0.012
chr10	128947059	128947460	402	*	3.03	1.51	3.75	-2.24	2.22e-05	0.0121
chr17	2304317	2305660	1344	*	7.71	7.02	8.17	-1.15	2.24e-05	0.0122
chr1	156023006	156023360	355	*	4.24	3.46	4.75	-1.28	2.26e-05	0.0122
chr3	50654050	50655101	1052	*	7.43	7.13	7.67	-0.54	2.27e-05	0.0123
chr12	8088395	8089200	806	*	4.58	3.77	5.1	-1.33	2.29e-05	0.0124
chr16	67926823	67927802	980	*	6.36	6.06	6.61	-0.55	2.3e-05	0.0124
chr17	27046321	27047371	1051	*	6.59	6.17	6.91	-0.74	2.31e-05	0.0124
chr10	73620025	73620657	633	*	4.86	4.22	5.3	-1.08	2.31e-05	0.0124
chr18	12839041	12839902	862	*	4.34	3.61	4.82	-1.21	2.37e-05	0.0126
chr19	2269134	2270184	1051	*	6.54	5.62	7.1	-1.48	2.37e-05	0.0126
chr7	116824546	116824867	322	*	2.38	3.18	0.45	2.72	2.39e-05	0.0126
chr6	32939308	32940375	1068	*	7.74	7.17	8.15	-0.98	2.39e-05	0.0126
chr1	36840005	36840657	653	*	5.29	4.79	5.67	-0.88	2.39e-05	0.0126
chr1	121478550	121478770	221	*	4.44	3.78	4.89	-1.12	2.39e-05	0.0126
chr6	89609036	89609616	581	*	2.99	1.53	3.7	-2.17	2.41e-05	0.0127
chr11	64545125	64546721	1597	*	8.01	7.35	8.47	-1.12	2.41e-05	0.0127
chr12	104457486	104458945	1460	*	7.35	7.06	7.58	-0.52	2.42e-05	0.0127
chr5	139365198	139365718	521	*	4.09	3.25	4.62	-1.37	2.43e-05	0.0127
chr3	169781868	169782201	334	*	2.21	0.42	2.98	-2.56	2.43e-05	0.0127
chr10	129678679	129679674	996	*	6.16	5.8	6.45	-0.65	2.44e-05	0.0127
chr16	58144490	58144896	407	*	2.6	0.98	3.34	-2.37	2.45e-05	0.0127
chr2	48133354	48134289	936	*	7.1	6.8	7.35	-0.56	2.47e-05	0.0128
chr5	168564533	168564834	302	*	1.93	-0.36	2.77	-3.13	2.47e-05	0.0128
chr8	145234610	145234796	187	*	1.94	-0.36	2.78	-3.14	2.48e-05	0.0128
chr8	89648914	89649142	229	*	1.96	-0.36	2.8	-3.16	2.5e-05	0.0128
chr12	124937888	124938552	665	*	6.44	6.13	6.69	-0.55	2.5e-05	0.0128
chr19	14191799	14192859	1061	*	5.79	5.17	6.22	-1.05	2.52e-05	0.0129
chr6	88535606	88535985	380	*	2.65	3.43	0.84	2.59	2.57e-05	0.0131
chr19	47729255	47730208	954	*	6.74	6.06	7.2	-1.14	2.57e-05	0.0131
chr12	65152723	65153640	918	*	6.7	6.36	6.98	-0.62	2.58e-05	0.0131
chr17	7818711	7819828	1118	*	6.24	5.85	6.54	-0.69	2.6e-05	0.0132
chr16	46404896	46405211	316	*	4.66	3.97	5.12	-1.15	2.62e-05	0.0133
chr14	85887653	85888325	673	*	5.53	5.06	5.89	-0.83	2.64e-05	0.0133
chr17	73662953	73663711	759	*	5.77	5.29	6.13	-0.84	2.64e-05	0.0133
chr22	30054046	30054721	676	*	5.14	4.61	5.53	-0.92	2.69e-05	0.0135
chr5	10975888	10976440	553	*	3.91	4.47	2.97	1.5	2.7e-05	0.0135
chr1	236260339	236260831	493	*	6.12	5.71	6.43	-0.73	2.72e-05	0.0136
chr14	85909283	85909725	443	*	4.31	3.59	4.79	-1.21	2.74e-05	0.0137
chr3	2756499	2756880	382	*	3.94	4.51	3	1.51	2.76e-05	0.0138
chr22	39930774	39930996	223	*	3.7	2.81	4.25	-1.45	2.79e-05	0.0139
chr6	42858046	42858980	935	*	7.15	6.78	7.45	-0.67	2.8e-05	0.0139
chr4	122627766	122628227	462	*	4.58	3.9	5.05	-1.15	2.8e-05	0.0139
chr19	51227567	51228617	1051	*	7.06	6.52	7.45	-0.93	2.81e-05	0.0139
chr16	46407615	46407812	198	*	4.64	4	5.08	-1.08	2.82e-05	0.0139
chr17	2300130	2300414	285	*	5.41	4.9	5.78	-0.88	2.83e-05	0.0139
chr10	121355744	121357042	1299	*	7.82	7.49	8.08	-0.6	2.88e-05	0.0141
chr22	35767662	35768346	685	*	4.23	3.44	4.73	-1.29	2.88e-05	0.0141
chr16	46408570	46408743	174	*	3.71	2.75	4.29	-1.54	2.89e-05	0.0141
chr19	14800376	14801245	870	*	6.41	5.9	6.78	-0.88	2.89e-05	0.0141
chr16	83886361	83886741	381	*	1.82	-0.36	2.65	-3	2.9e-05	0.0141
chr1	155107934	155108622	689	*	5.99	5.52	6.35	-0.83	2.93e-05	0.0143
chr20	34761457	34761855	399	*	2.77	1.34	3.47	-2.13	2.95e-05	0.0143
chr1	206858055	206859683	1629	*	7.76	7.45	8.01	-0.56	2.99e-05	0.0145
chr10	73610529	73611282	754	*	6.44	5.91	6.83	-0.91	3e-05	0.0145
chr22	46440685	46441018	334	*	4.11	3.35	4.6	-1.24	3.05e-05	0.0147
chr2	113693659	113694280	622	*	5.16	4.64	5.54	-0.9	3.05e-05	0.0147
chr17	27278299	27279078	780	*	7.13	6.53	7.54	-1.01	3.09e-05	0.0149
chr17	41496118	41496762	645	*	4.47	3.82	4.91	-1.1	3.11e-05	0.0149
chr13	31735442	31736767	1326	*	7.39	6.9	7.76	-0.85	3.14e-05	0.015
chr19	49468254	49469034	781	*	6.4	5.75	6.85	-1.11	3.14e-05	0.015
chr6	138914342	138914668	327	*	4.4	3.6	4.91	-1.31	3.16e-05	0.015
chr14	106324156	106325075	920	*	4.61	3.99	5.04	-1.04	3.16e-05	0.015
chr3	123062833	123063732	900	*	5.55	4.97	5.96	-0.99	3.2e-05	0.0152
chr22	19971845	19972203	359	*	2.88	1.43	3.59	-2.15	3.21e-05	0.0152
chr14	23563740	23565014	1275	*	7.77	7.46	8.03	-0.57	3.22e-05	0.0152
chr15	65596674	65597828	1155	*	6.34	5.62	6.82	-1.2	3.27e-05	0.0154
chr15	69744888	69745834	947	*	6.39	6.02	6.68	-0.66	3.27e-05	0.0154
chr2	30981287	30981649	363	*	2.25	0.39	3.04	-2.65	3.29e-05	0.0154
chr19	49122189	49122965	777	*	6.87	6.4	7.22	-0.82	3.3e-05	0.0154
chr1	16115247	16115610	364	*	2.76	1.53	3.42	-1.89	3.3e-05	0.0154
chr5	119656289	119656634	346	*	3.11	3.77	1.87	1.9	3.3e-05	0.0154
chr5	7372610	7372916	307	*	2.12	0.28	2.91	-2.62	3.32e-05	0.0154
chr1	75115385	75115677	293	*	2.38	0.6	3.16	-2.56	3.33e-05	0.0154
chr14	105173126	105173318	193	*	2.26	0.48	3.03	-2.55	3.33e-05	0.0154
chr13	102317973	102318669	697	*	4.37	4.86	3.63	1.23	3.33e-05	0.0154
chr21	35917017	35918169	1153	*	5.91	5.56	6.2	-0.64	3.38e-05	0.0156
chr7	150109925	150110177	253	*	2.28	0.64	3.03	-2.39	3.39e-05	0.0156
chr19	506626	508044	1419	*	7.48	7.04	7.82	-0.78	3.39e-05	0.0156
chr1	208195040	208195465	426	*	4.96	4.4	5.37	-0.97	3.42e-05	0.0157
chr16	28565088	28565806	719	*	5.93	5.33	6.35	-1.02	3.43e-05	0.0157
chr1	143534993	143535371	379	*	2.86	1.48	3.55	-2.07	3.45e-05	0.0158
chr3	81533676	81534025	350	*	4.12	4.67	3.21	1.45	3.46e-05	0.0158
chr20	16688314	16688727	414	*	4.64	5.13	3.9	1.23	3.46e-05	0.0158
chr6	26537422	26538936	1515	*	8.05	7.81	8.26	-0.46	3.48e-05	0.0158
chr14	90863715	90864947	1233	*	6.54	6.06	6.9	-0.84	3.48e-05	0.0158
chr1	28844404	28845271	868	*	6.19	5.83	6.48	-0.65	3.49e-05	0.0158
chr14	76815261	76815669	409	*	2.72	1.16	3.45	-2.29	3.5e-05	0.0158
chr14	34521133	34521583	451	*	5.27	4.79	5.63	-0.83	3.51e-05	0.0158
chr5	176271838	176272210	373	*	2.5	0.77	3.26	-2.49	3.54e-05	0.0159
chr1	25573138	25574598	1461	*	6.98	6.49	7.34	-0.85	3.55e-05	0.0159
chr19	7556889	7557557	669	*	5.14	4.61	5.53	-0.92	3.56e-05	0.0159
chr11	20133646	20134533	888	*	5.49	5.06	5.82	-0.75	3.56e-05	0.0159
chr16	3073710	3074495	786	*	6.43	6.09	6.71	-0.62	3.6e-05	0.0161
chr10	131934308	131935545	1238	*	7.22	7.01	7.4	-0.39	3.63e-05	0.0162
chr2	76676062	76676427	366	*	3.94	4.51	3	1.51	3.65e-05	0.0162
chr13	111521687	111522980	1294	*	5.98	5.62	6.27	-0.65	3.66e-05	0.0162
chr11	57004224	57005246	1023	*	5.11	4.55	5.51	-0.96	3.7e-05	0.0164
chr9	35718953	35719629	677	*	5.1	4.59	5.48	-0.89	3.71e-05	0.0164
chr21	42843195	42843592	398	*	2.3	0.18	3.12	-2.94	3.81e-05	0.0168
chr1	110363791	110364309	519	*	4.06	3.26	4.57	-1.31	3.84e-05	0.0169
chr17	43238134	43239356	1223	*	6.68	6.06	7.11	-1.05	3.85e-05	0.0169
chr6	168534772	168535047	276	*	2.02	-0.06	2.84	-2.9	3.86e-05	0.0169
chr1	204026860	204027208	349	*	3.42	2.4	4.01	-1.61	3.88e-05	0.017
chr15	73925293	73926154	862	*	7.09	6.73	7.38	-0.65	3.9e-05	0.017
chr22	26879261	26880134	874	*	6.06	5.55	6.43	-0.89	3.91e-05	0.017
chr2	28632120	28632489	370	*	4.28	3.59	4.74	-1.15	3.91e-05	0.017
chr14	101159394	101159816	423	*	2.7	1.13	3.44	-2.31	3.93e-05	0.0171
chr10	85955716	85956268	553	*	5.07	5.48	4.49	0.99	3.94e-05	0.0171
chr11	120611308	120611598	291	*	2.08	-0.06	2.91	-2.98	3.96e-05	0.0172
chr19	12099097	12099936	840	*	4.87	4.25	5.31	-1.06	4.01e-05	0.0174
chr4	155307131	155307603	473	*	2.42	3.22	0.45	2.77	4.04e-05	0.0174
chr16	32007770	32007974	205	*	2.36	0.65	3.12	-2.47	4.04e-05	0.0174
chr19	44174213	44174580	368	*	5.34	4.9	5.68	-0.78	4.06e-05	0.0174
chr1	155931754	155932155	402	*	3.34	2.31	3.94	-1.63	4.06e-05	0.0174
chr4	170037000	170037481	482	*	3.19	1.97	3.85	-1.87	4.06e-05	0.0174
chr17	45972984	45974170	1187	*	7.57	7.24	7.84	-0.59	4.08e-05	0.0175
chr2	211939862	211940393	532	*	5.69	6.03	5.25	0.77	4.11e-05	0.0175
chr17	18907283	18908516	1234	*	5.63	5.22	5.94	-0.72	4.11e-05	0.0175
chr4	76649251	76650559	1309	*	7.95	7.65	8.2	-0.55	4.13e-05	0.0175
chr1	31205205	31205596	392	*	2.97	1.64	3.65	-2.02	4.13e-05	0.0175
chr3	3893610	3893928	319	*	2.92	3.65	1.37	2.28	4.13e-05	0.0175
chr19	7548667	7548993	327	*	2.39	0.61	3.17	-2.55	4.16e-05	0.0176
chr13	58659915	58660289	375	*	3.89	4.45	2.97	1.48	4.16e-05	0.0176
chr14	75535813	75536630	818	*	5.81	5.37	6.15	-0.78	4.18e-05	0.0176
chr18	46303202	46303764	563	*	4.08	3.31	4.57	-1.26	4.19e-05	0.0176
chr3	50402478	50402789	312	*	2.94	1.49	3.65	-2.16	4.24e-05	0.0178
chr4	79789739	79790174	436	*	2.41	0.57	3.19	-2.62	4.27e-05	0.0179
chr22	41252169	41253491	1323	*	6.56	6.08	6.91	-0.84	4.3e-05	0.018
chr1	150206835	150207705	871	*	5.79	5.36	6.12	-0.77	4.31e-05	0.018
chr1	152020301	152021208	908	*	7.57	7.24	7.84	-0.59	4.31e-05	0.018
chr2	68694117	68695036	920	*	7.58	7.26	7.84	-0.58	4.35e-05	0.0181
chr1	212352890	212353417	528	*	4.5	3.88	4.93	-1.05	4.44e-05	0.0184
chr1	203895214	203895526	313	*	2.8	1.54	3.47	-1.93	4.44e-05	0.0184
chr11	64084722	64085987	1266	*	6.96	6.54	7.29	-0.75	4.46e-05	0.0184
chr11	65382557	65383542	986	*	7.34	6.81	7.73	-0.92	4.48e-05	0.0185
chr8	22572862	22573895	1034	*	6.73	6.39	7.01	-0.62	4.5e-05	0.0186
chr12	75167396	75167815	420	*	2.53	3.27	0.94	2.33	4.51e-05	0.0186
chr16	31044104	31045123	1020	*	6.73	6.38	7.01	-0.63	4.52e-05	0.0186
chr17	45908620	45909337	718	*	5.5	5.01	5.86	-0.85	4.53e-05	0.0186
chr11	65337388	65338171	784	*	6.7	6.15	7.1	-0.94	4.54e-05	0.0186
chr1	161128713	161129889	1177	*	6.64	6.33	6.9	-0.57	4.56e-05	0.0186
chr10	132160730	132161011	282	*	1.94	-0.06	2.75	-2.81	4.58e-05	0.0187
chr19	46009589	46011004	1416	*	6.74	6.23	7.12	-0.89	4.6e-05	0.0187
chr16	46435410	46435622	213	*	3.98	3.12	4.52	-1.4	4.61e-05	0.0187
chr22	44341612	44342290	679	*	4.13	3.41	4.61	-1.2	4.61e-05	0.0187
chr8	29848508	29848931	424	*	4.43	3.78	4.88	-1.11	4.62e-05	0.0187
chr2	85581027	85582243	1217	*	7.05	6.76	7.29	-0.53	4.64e-05	0.0187
chr5	157030332	157030799	468	*	4.61	3.97	5.05	-1.08	4.64e-05	0.0187
chr6	41754116	41754675	560	*	5.98	5.43	6.37	-0.94	4.65e-05	0.0187
chr11	64492733	64493432	700	*	4.64	3.87	5.13	-1.27	4.65e-05	0.0187
chr16	15684509	15685246	738	*	6.11	5.77	6.38	-0.61	4.66e-05	0.0187
chr1	241810967	241811490	524	*	5.99	5.65	6.27	-0.62	4.66e-05	0.0187
chr3	154052794	154052991	198	*	2.32	3.1	0.45	2.65	4.74e-05	0.019
chr12	6716258	6716843	586	*	5.02	4.39	5.45	-1.06	4.76e-05	0.019
chr11	79765665	79766158	494	*	4.13	4.64	3.34	1.3	4.78e-05	0.0191
chr4	74768929	74769301	373	*	3.33	3.97	2.16	1.81	4.81e-05	0.0192
chr1	27021789	27022795	1007	*	6.71	6.32	7.01	-0.7	4.83e-05	0.0192
chr17	2295608	2296694	1087	*	7.07	6.39	7.53	-1.13	4.85e-05	0.0193
chr5	16778156	16778741	586	*	5.36	4.89	5.71	-0.83	4.9e-05	0.0194
chr3	172035740	172036160	421	*	5.11	4.63	5.48	-0.85	4.92e-05	0.0194
chr4	25175130	25175566	437	*	5.55	5.1	5.9	-0.8	4.92e-05	0.0194
chr1	121484371	121485484	1114	*	9.23	8.71	9.6	-0.89	4.93e-05	0.0194
chr1	243264742	243265349	608	*	3.96	4.51	3.07	1.43	4.97e-05	0.0195
chr12	54805115	54805769	655	*	5.43	4.85	5.84	-0.99	5.01e-05	0.0197
chr2	133029593	133029766	174	*	5.05	4.54	5.42	-0.88	5.05e-05	0.0198
chr17	57970070	57971027	958	*	6.6	6.17	6.93	-0.75	5.06e-05	0.0198
chr2	85773816	85774209	394	*	3.55	2.61	4.12	-1.51	5.09e-05	0.0199
chr16	23515931	23516537	607	*	4.71	4.1	5.14	-1.04	5.1e-05	0.0199
chr12	82062246	82062636	391	*	5.17	4.67	5.53	-0.86	5.14e-05	0.02
chr9	130281507	130282139	633	*	4.56	3.95	4.98	-1.03	5.16e-05	0.02
chr3	50394021	50394290	270	*	4.53	3.86	4.98	-1.11	5.17e-05	0.0201
chr12	57480900	57481284	385	*	5.46	4.81	5.91	-1.11	5.19e-05	0.0201
chrY	19197077	19197766	690	*	4.64	5.1	3.97	1.13	5.19e-05	0.0201
chr17	60142188	60142896	709	*	5.38	4.9	5.75	-0.85	5.21e-05	0.0201
chr12	117470729	117470958	230	*	2.53	1	3.25	-2.25	5.21e-05	0.0201
chr2	133016705	133017310	606	*	5.72	5.3	6.04	-0.74	5.23e-05	0.0201
chr19	49496298	49497355	1058	*	7.31	6.84	7.66	-0.82	5.25e-05	0.0201
chr11	133817095	133817753	659	*	4.81	4.25	5.22	-0.97	5.27e-05	0.0201
chrY	23457064	23457522	459	*	4.4	4.9	3.65	1.25	5.28e-05	0.0201
chr15	75746172	75747001	830	*	7.64	7.14	8.01	-0.87	5.28e-05	0.0201
chr12	120728645	120730196	1552	*	6.71	6.16	7.1	-0.94	5.29e-05	0.0201
chr7	109422835	109423210	376	*	4.07	4.58	3.28	1.29	5.3e-05	0.0201
chr6	43138597	43139475	879	*	7.62	7.2	7.94	-0.74	5.31e-05	0.0201
chr3	15469964	15470470	507	*	2.57	0.94	3.31	-2.37	5.31e-05	0.0201
chr16	1822887	1823651	765	*	5.67	5.2	6.03	-0.82	5.31e-05	0.0201
chrX	65145907	65146901	995	*	6.13	6.42	5.76	0.66	5.32e-05	0.0201
chr18	64882431	64882876	446	*	2.57	1.06	3.29	-2.22	5.32e-05	0.0201
chr9	136218812	136219131	320	*	4.86	4.2	5.31	-1.11	5.33e-05	0.0201
chrY	10019834	10020035	202	*	4.5	3.83	4.96	-1.13	5.33e-05	0.0201
chr15	65102222	65102401	180	*	2.43	0.84	3.17	-2.33	5.34e-05	0.0201
chr8	142989214	142989519	306	*	2.53	0.98	3.26	-2.29	5.36e-05	0.0201
chr16	4730027	4730563	537	*	5.33	4.82	5.71	-0.89	5.38e-05	0.0201
chr7	83968714	83969011	298	*	3.92	4.5	2.94	1.55	5.38e-05	0.0201
chr19	33792876	33794079	1204	*	7.72	7.14	8.14	-1	5.39e-05	0.0201
chr17	1366518	1367030	513	*	4.24	3.54	4.71	-1.17	5.44e-05	0.0203
chr22	42084109	42085150	1042	*	5.38	4.93	5.72	-0.79	5.47e-05	0.0203
chr3	108697091	108697530	440	*	3.04	1.65	3.73	-2.08	5.51e-05	0.0204
chr16	4475290	4476345	1056	*	6.78	6.37	7.11	-0.74	5.51e-05	0.0204
chr19	18391501	18393215	1715	*	8.28	7.59	8.74	-1.15	5.53e-05	0.0204
chr7	142782191	142782641	451	*	3.79	4.35	2.89	1.46	5.54e-05	0.0204
chr6	155307848	155308177	330	*	2.85	3.56	1.39	2.17	5.54e-05	0.0204
chr2	82062349	82062806	458	*	3.4	4.02	2.3	1.72	5.54e-05	0.0204
chr16	3207034	3208003	970	*	5.85	5.44	6.16	-0.72	5.57e-05	0.0205
chr12	90057279	90057713	435	*	3.22	3.88	1.94	1.94	5.58e-05	0.0205
chr20	58241151	58241417	267	*	2.02	0.22	2.79	-2.57	5.59e-05	0.0205
chr1	112135373	112135965	593	*	3.72	2.87	4.26	-1.39	5.59e-05	0.0205
chr11	64645532	64646649	1118	*	7.18	6.58	7.6	-1.02	5.61e-05	0.0205
chr19	40931293	40932299	1007	*	6.95	6.39	7.36	-0.97	5.62e-05	0.0205
chr8	47726164	47726466	303	*	2.59	1.15	3.29	-2.14	5.65e-05	0.0206
chr10	130680894	130681247	354	*	2.1	0.28	2.88	-2.6	5.68e-05	0.0207
chr3	60003408	60003783	376	*	3.44	4.04	2.41	1.63	5.73e-05	0.0208
chr1	109642452	109643379	928	*	6.69	6.23	7.03	-0.8	5.75e-05	0.0209
chr16	2524709	2525461	753	*	5.77	5.37	6.08	-0.71	5.77e-05	0.0209
chr17	8152274	8152942	669	*	5.14	4.63	5.52	-0.89	5.8e-05	0.021
chr6	4358791	4359274	484	*	4.13	3.41	4.61	-1.21	5.82e-05	0.021
chr1	155292831	155294504	1674	*	7.15	6.79	7.44	-0.64	5.84e-05	0.021
chr2	9470857	9471383	527	*	4.76	5.19	4.16	1.03	5.85e-05	0.021
chr6	36390852	36391598	747	*	6.67	6.4	6.89	-0.49	5.86e-05	0.021
chr7	35502884	35503335	452	*	2.34	3.13	0.45	2.68	5.86e-05	0.021
chr1	214420818	214421251	434	*	2.7	1.24	3.41	-2.17	5.92e-05	0.0212
chr10	42387206	42387418	213	*	4.97	4.43	5.36	-0.93	5.96e-05	0.0213
chr19	16652752	16653739	988	*	6.23	5.53	6.69	-1.16	5.97e-05	0.0213
chr13	114004260	114004739	480	*	3.19	2.14	3.78	-1.64	5.97e-05	0.0213
chr22	32515578	32515825	248	*	1.85	-0.36	2.68	-3.04	5.97e-05	0.0213
chr1	39515693	39516006	314	*	1.82	-0.36	2.65	-3.01	6e-05	0.0213
chr3	184025927	184026172	246	*	1.82	-0.36	2.65	-3.01	6e-05	0.0213
chr4	180246107	180246545	439	*	2.38	3.18	0.45	2.72	6.01e-05	0.0213
chr1	566791	567151	361	*	5.04	4.53	5.41	-0.88	6.02e-05	0.0213
chr10	126425158	126425339	182	*	2.08	0.28	2.86	-2.58	6.07e-05	0.0214
chr1	161359440	161360488	1049	*	7.21	6.91	7.46	-0.55	6.09e-05	0.0214
chr11	60609174	60610325	1152	*	5.92	5.51	6.24	-0.73	6.1e-05	0.0214
chr16	21610346	21611669	1324	*	6.95	6.58	7.25	-0.67	6.1e-05	0.0214
chr8	1494872	1495114	243	*	1.84	-0.36	2.68	-3.04	6.1e-05	0.0214
chr7	100362461	100362993	533	*	2.75	1.41	3.44	-2.03	6.12e-05	0.0215
chr13	99549439	99549700	262	*	1.86	-0.36	2.7	-3.06	6.14e-05	0.0215
chr2	13246453	13246820	368	*	5.31	5.68	4.81	0.86	6.14e-05	0.0215
chr4	5401098	5401359	262	*	1.89	-0.36	2.72	-3.08	6.17e-05	0.0216
chr11	61713152	61713475	324	*	1.8	-0.36	2.63	-2.99	6.21e-05	0.0216
chr7	155315059	155315414	356	*	1.81	-0.36	2.64	-3	6.21e-05	0.0216
chr6	19587248	19588197	950	*	5.71	6.04	5.27	0.77	6.23e-05	0.0217
chr1	247695203	247695600	398	*	4.29	3.59	4.75	-1.17	6.25e-05	0.0217
chr17	42200549	42201659	1111	*	5.99	5.52	6.35	-0.82	6.26e-05	0.0217
chr19	1252226	1253448	1223	*	7.03	6.36	7.49	-1.13	6.28e-05	0.0217
chr5	71146670	71147007	338	*	7.27	6.74	7.65	-0.91	6.29e-05	0.0217
chr9	108757282	108757870	589	*	4.02	3.12	4.57	-1.44	6.34e-05	0.0219
chr11	58909942	58910643	702	*	6.46	6.17	6.71	-0.54	6.36e-05	0.0219
chr22	39915642	39917149	1508	*	6.9	6.28	7.33	-1.05	6.36e-05	0.0219
chr6	167561638	167561892	255	*	2.45	0.99	3.16	-2.17	6.39e-05	0.0219
chr8	40632746	40633166	421	*	2.7	1.29	3.4	-2.11	6.42e-05	0.022
chr1	47897773	47898571	799	*	6.57	6.31	6.79	-0.48	6.43e-05	0.022
chr10	14645801	14646786	986	*	6.88	6.45	7.21	-0.75	6.43e-05	0.022
chr16	73430410	73431036	627	*	5.23	5.62	4.69	0.93	6.48e-05	0.0221
chr9	117279125	117279527	403	*	3.75	2.82	4.31	-1.49	6.48e-05	0.0221
chr4	156690191	156690583	393	*	4.04	4.55	3.24	1.31	6.49e-05	0.0221
chr1	112050083	112051194	1112	*	6.74	6.48	6.95	-0.48	6.5e-05	0.0221
chr1	32511306	32511664	359	*	2.55	1.11	3.26	-2.14	6.52e-05	0.0221
chr8	126568340	126569259	920	*	6.93	6.69	7.13	-0.45	6.57e-05	0.0222
chr1	16212628	16213163	536	*	5.4	4.95	5.74	-0.79	6.59e-05	0.0223
chr5	43028440	43028679	240	*	2.9	1.55	3.59	-2.04	6.6e-05	0.0223
chr17	40998382	40998678	297	*	2.24	0.43	3.01	-2.58	6.6e-05	0.0223
chr7	85059009	85059309	301	*	2.58	3.35	0.82	2.53	6.69e-05	0.0225
chr10	133484011	133484289	279	*	2.23	0.39	3.02	-2.63	6.69e-05	0.0225
chr6	41754735	41755539	805	*	6.96	6.53	7.29	-0.75	6.73e-05	0.0225
chr5	25033110	25033682	573	*	4.5	4.96	3.8	1.17	6.73e-05	0.0225
chrX	35071862	35072253	392	*	3.13	3.8	1.85	1.94	6.73e-05	0.0225
chr16	46406870	46407056	187	*	4.28	3.54	4.76	-1.22	6.74e-05	0.0225
chr6	31587725	31589030	1306	*	7.49	6.98	7.86	-0.89	6.75e-05	0.0225
chr16	67514551	67515594	1044	*	6.79	6.41	7.1	-0.69	6.81e-05	0.0227
chr15	44580704	44581626	923	*	6.36	6.05	6.62	-0.57	6.81e-05	0.0227
chr16	61013225	61013711	487	*	3.01	1.72	3.69	-1.97	6.82e-05	0.0227
chr19	40696469	40697804	1336	*	6.05	5.71	6.33	-0.62	6.88e-05	0.0228
chr3	163156596	163156973	378	*	3.84	4.39	2.93	1.46	6.88e-05	0.0228
chr1	234184054	234184612	559	*	3.72	2.82	4.27	-1.45	6.88e-05	0.0228
chr14	79111315	79111730	416	*	2.8	1.39	3.5	-2.11	6.9e-05	0.0228
chr17	27053925	27054218	294	*	5.07	4.4	5.52	-1.12	6.93e-05	0.0228
chr4	141075051	141075716	666	*	6.84	6.59	7.04	-0.45	6.94e-05	0.0228
chr9	34701055	34701855	801	*	4.96	4.4	5.36	-0.96	6.94e-05	0.0228
chr1	247875112	247875976	865	*	5.43	5	5.77	-0.77	6.95e-05	0.0228
chr1	74978944	74979440	497	*	4.41	4.91	3.63	1.28	6.95e-05	0.0228
chr2	219263053	219263461	409	*	5.67	5.15	6.06	-0.91	6.96e-05	0.0228
chr17	47964993	47965431	439	*	2.24	0.39	3.03	-2.64	7.02e-05	0.0229
chr19	48902775	48903582	808	*	5.47	4.79	5.93	-1.14	7.03e-05	0.0229
chr11	59333239	59334005	767	*	6.87	6.61	7.09	-0.47	7.03e-05	0.0229
chr2	133022870	133023420	551	*	5.75	5.36	6.06	-0.7	7.04e-05	0.0229
chr19	46766177	46766522	346	*	3.13	1.99	3.76	-1.77	7.06e-05	0.0229
chr1	94073381	94073744	364	*	2.9	1.46	3.61	-2.14	7.06e-05	0.0229
chr4	39640013	39640972	960	*	7.03	6.62	7.35	-0.73	7.16e-05	0.0232
chr12	125896651	125897050	400	*	2.21	0.28	3.01	-2.72	7.18e-05	0.0232
chr4	68166217	68166500	284	*	2.89	3.58	1.53	2.04	7.18e-05	0.0232
chr17	7589318	7590165	848	*	4.97	4.44	5.35	-0.92	7.21e-05	0.0233
chr19	45946053	45947041	989	*	5.83	5.37	6.18	-0.81	7.22e-05	0.0233
chr19	39897234	39897777	544	*	5.91	5.24	6.36	-1.11	7.24e-05	0.0233
chr3	16830877	16831313	437	*	4.3	4.8	3.54	1.26	7.27e-05	0.0233
chr5	94129086	94129463	378	*	4.53	3.87	4.99	-1.12	7.28e-05	0.0233
chr17	16283854	16284978	1125	*	5.82	5.3	6.21	-0.91	7.28e-05	0.0233
chr1	113497962	113499523	1562	*	7.97	7.58	8.28	-0.7	7.28e-05	0.0233
chr22	36924847	36925732	886	*	6.75	6.22	7.14	-0.93	7.31e-05	0.0234
chr4	153655236	153655640	405	*	3.04	1.82	3.69	-1.87	7.33e-05	0.0234
chr19	47744252	47744663	412	*	4.04	3.27	4.54	-1.27	7.34e-05	0.0234
chr10	128854098	128854472	375	*	2.23	0.23	3.03	-2.8	7.34e-05	0.0234
chr17	62501530	62501850	321	*	4.39	3.5	4.94	-1.44	7.35e-05	0.0234
chr19	49990307	49991146	840	*	6.43	6.08	6.72	-0.64	7.39e-05	0.0235
chr19	42787643	42788823	1181	*	7.13	6.58	7.53	-0.95	7.4e-05	0.0235
chr6	91078664	91079229	566	*	6.03	5.55	6.39	-0.84	7.43e-05	0.0236
chr20	48552668	48553605	938	*	5.75	5.29	6.1	-0.81	7.45e-05	0.0236
chr12	6976080	6977490	1411	*	6.82	6.15	7.28	-1.13	7.47e-05	0.0236
chrX	76316510	76316840	331	*	2.23	0.68	2.96	-2.28	7.47e-05	0.0236
chr2	239049977	239050468	492	*	3.9	2.89	4.48	-1.59	7.51e-05	0.0237
chr3	39193694	39194694	1001	*	6.46	6.12	6.73	-0.6	7.53e-05	0.0237
chr19	2168906	2169294	389	*	3.91	3.06	4.44	-1.38	7.55e-05	0.0237
chr18	25029124	25029580	457	*	3.32	3.94	2.21	1.73	7.56e-05	0.0237
chr5	42950595	42952246	1652	*	7.21	7	7.39	-0.39	7.59e-05	0.0238
chr19	3450757	3451317	561	*	3.94	3.12	4.46	-1.34	7.66e-05	0.024
chr11	85809068	85809382	315	*	2.66	3.37	1.21	2.16	7.78e-05	0.0243
chr15	95213676	95213967	292	*	2.67	1.19	3.38	-2.2	7.89e-05	0.0246
chr10	96857700	96858020	321	*	2.35	0.61	3.11	-2.5	7.92e-05	0.0247
chr22	41487191	41488882	1692	*	7.59	7.13	7.94	-0.81	7.94e-05	0.0247
chr1	224895636	224896453	818	*	5.32	4.87	5.67	-0.8	7.94e-05	0.0247
chr19	7600135	7600922	788	*	5.6	5.19	5.92	-0.73	7.95e-05	0.0247
chr8	118452143	118452507	365	*	5.33	5.73	4.79	0.94	7.97e-05	0.0247
chr1	109825374	109826399	1026	*	6.23	5.89	6.5	-0.61	7.98e-05	0.0247
chr6	43128301	43128736	436	*	2.3	0.39	3.1	-2.71	8.01e-05	0.0248
chr17	34135927	34136771	845	*	6.34	6.03	6.6	-0.57	8.03e-05	0.0248
chr8	1448682	1448965	284	*	2.33	0.61	3.09	-2.48	8.04e-05	0.0248
chr16	66807853	66808149	297	*	2.15	0.63	2.87	-2.24	8.1e-05	0.025
chr16	11349037	11350708	1672	*	7.46	6.84	7.89	-1.05	8.12e-05	0.025
chr6	74225861	74226086	226	*	5.2	4.32	5.74	-1.42	8.17e-05	0.0251
chr20	62151274	62152795	1522	*	7.03	6.68	7.32	-0.64	8.19e-05	0.0251
chr12	6602053	6603492	1440	*	6.77	6.42	7.04	-0.62	8.21e-05	0.0252
chr16	17563550	17564030	481	*	4.02	3.32	4.5	-1.18	8.22e-05	0.0252
chr11	13369649	13370259	611	*	4.17	4.65	3.43	1.22	8.27e-05	0.0253
chr4	2414574	2415449	876	*	6.83	6.58	7.05	-0.47	8.28e-05	0.0253
chr16	70942808	70943000	193	*	2.33	0.57	3.1	-2.53	8.3e-05	0.0253
chr22	21355655	21356844	1190	*	6.47	6.13	6.74	-0.62	8.31e-05	0.0253
chr3	183958301	183958662	362	*	3.83	3.03	4.35	-1.32	8.38e-05	0.0255
chr11	62606738	62607272	535	*	5.36	4.88	5.72	-0.84	8.39e-05	0.0255
chr19	13172038	13172529	492	*	4.31	3.65	4.76	-1.11	8.42e-05	0.0255
chr3	41012636	41013726	1091	*	6.66	6.4	6.89	-0.48	8.44e-05	0.0255
chr6	31875069	31875560	492	*	4.93	4.28	5.38	-1.1	8.44e-05	0.0255
chr20	33463746	33464763	1018	*	6.91	6.47	7.25	-0.77	8.46e-05	0.0255
chr16	71842153	71843278	1126	*	6.41	6.13	6.64	-0.51	8.49e-05	0.0255
chr1	147806279	147807464	1186	*	7.06	6.77	7.3	-0.54	8.5e-05	0.0255
chr2	9695387	9696662	1276	*	7.63	7.39	7.84	-0.45	8.5e-05	0.0255
chr11	67120461	67121515	1055	*	6.38	5.94	6.72	-0.77	8.5e-05	0.0255
chr22	33694922	33695242	321	*	2.63	3.39	0.94	2.45	8.56e-05	0.0257
chr1	45986926	45988009	1084	*	6.89	6.47	7.22	-0.75	8.6e-05	0.0258
chr21	44726936	44727278	343	*	2.88	1.57	3.55	-1.98	8.66e-05	0.0259
chr16	46416803	46417354	552	*	4.91	4.4	5.29	-0.89	8.69e-05	0.026
chr5	35741311	35741873	563	*	4.14	4.74	3.1	1.64	8.74e-05	0.0261
chr1	42003262	42003830	569	*	3.39	2.49	3.94	-1.45	8.76e-05	0.0261
chr22	38349254	38350061	808	*	5.45	4.99	5.8	-0.81	8.77e-05	0.0261
chr7	73081752	73082549	798	*	5.59	5.17	5.91	-0.74	8.78e-05	0.0261
chr10	42599570	42600144	575	*	4.93	4.38	5.33	-0.94	8.78e-05	0.0261
chr19	50431968	50433523	1556	*	6.75	6.2	7.15	-0.95	8.79e-05	0.0261
chr15	93165507	93166040	534	*	3.45	2.39	4.06	-1.67	8.84e-05	0.0262
chr8	86195416	86195675	260	*	2.75	3.45	1.31	2.15	8.92e-05	0.0264
chr16	14051060	14051960	901	*	6.32	5.99	6.59	-0.6	8.94e-05	0.0264
chr9	71650479	71651323	845	*	7.27	7.02	7.49	-0.47	8.94e-05	0.0264
chr4	70175168	70175611	444	*	2.96	3.64	1.64	2.01	8.95e-05	0.0264
chr11	99110974	99111379	406	*	3.99	4.52	3.16	1.36	8.96e-05	0.0264
chr11	11753340	11753564	225	*	1.98	0	2.78	-2.78	9.04e-05	0.0265
chr7	28997564	28997738	175	*	1.98	0	2.78	-2.78	9.04e-05	0.0265
chr2	234395370	234395680	311	*	1.91	-0.06	2.71	-2.77	9.09e-05	0.0266
chr12	6641705	6642134	430	*	5.3	4.66	5.73	-1.07	9.15e-05	0.0268
chr18	74813324	74814214	891	*	6.86	6.61	7.07	-0.46	9.17e-05	0.0268
chr17	45726482	45727504	1023	*	7.73	7.24	8.1	-0.86	9.18e-05	0.0268
chr5	158789065	158789763	699	*	7.14	6.92	7.34	-0.42	9.21e-05	0.0268
chr2	66005229	66005596	368	*	2.14	0.18	2.94	-2.76	9.21e-05	0.0268
chr16	89555584	89556120	537	*	5.96	5.58	6.26	-0.68	9.21e-05	0.0268
chr1	28836810	28837858	1049	*	6.02	4.94	6.63	-1.69	9.24e-05	0.0268
chr16	87441175	87441766	592	*	5.64	5.21	5.97	-0.75	9.27e-05	0.0269
chr8	99128961	99130062	1102	*	7.63	7.38	7.84	-0.46	9.28e-05	0.0269
chr19	52192034	52192714	681	*	4.24	3.49	4.73	-1.24	9.33e-05	0.027
chr3	193378831	193379120	290	*	1.97	0.22	2.74	-2.52	9.36e-05	0.027
chr22	28314568	28316194	1627	*	6.99	6.61	7.29	-0.68	9.38e-05	0.027
chr17	72318321	72318601	281	*	1.88	-0.06	2.68	-2.75	9.38e-05	0.027
chr14	102552881	102554146	1266	*	7.88	7.4	8.24	-0.84	9.38e-05	0.027
chr1	23921374	23921819	446	*	3.15	2.12	3.75	-1.63	9.38e-05	0.027
chr1	16339080	16340167	1088	*	6.42	6.09	6.69	-0.6	9.4e-05	0.027
chr16	57798246	57798466	221	*	3.23	2.25	3.81	-1.56	9.4e-05	0.027
chr19	49470609	49471380	772	*	5.7	5.06	6.14	-1.07	9.42e-05	0.027
chr10	90145243	90145977	735	*	4.69	5.12	4.09	1.03	9.43e-05	0.027
chr19	18263171	18264264	1094	*	7.12	6.72	7.44	-0.71	9.44e-05	0.027
chr2	210686603	210686951	349	*	3.51	4.09	2.53	1.57	9.48e-05	0.0271
chr17	7738472	7739327	856	*	6.72	6.19	7.11	-0.92	9.49e-05	0.0271
chr1	175560442	175561015	574	*	3.75	2.91	4.28	-1.37	9.52e-05	0.0271
chr15	25984922	25985286	365	*	4.49	4.97	3.75	1.22	9.56e-05	0.0271
chr1	150576950	150577574	625	*	3.52	2.57	4.08	-1.51	9.57e-05	0.0271
chr4	114389342	114389907	566	*	4.41	3.65	4.9	-1.25	9.57e-05	0.0271
chr9	139280445	139280906	462	*	3.71	2.81	4.26	-1.45	9.58e-05	0.0271
chr4	159456443	159456817	375	*	4.8	4.2	5.22	-1.02	9.59e-05	0.0271
chr16	10837493	10838367	875	*	6.95	6.52	7.29	-0.76	9.59e-05	0.0271
chr6	41195753	41196779	1027	*	5.31	4.83	5.66	-0.83	9.6e-05	0.0271
chr6	20188865	20189225	361	*	3.41	4	2.41	1.6	9.6e-05	0.0271
chr6	27655821	27656344	524	*	6.88	6.64	7.08	-0.44	9.62e-05	0.0271
chr17	37331225	37331508	284	*	3.28	2.38	3.83	-1.46	9.64e-05	0.0271
chr3	15247313	15248382	1070	*	7.52	7.21	7.78	-0.57	9.65e-05	0.0271
chr19	11071064	11072323	1260	*	7.33	6.75	7.75	-1	9.69e-05	0.0272
chr4	27156316	27156740	425	*	4.18	3.22	4.76	-1.54	9.74e-05	0.0273
chr1	173793142	173794388	1247	*	7.77	7.55	7.95	-0.41	9.74e-05	0.0273
chr15	76628639	76629269	631	*	6.62	6.26	6.91	-0.65	9.77e-05	0.0273
chr2	67843845	67844300	456	*	2.79	3.48	1.45	2.02	9.85e-05	0.0275
chr11	10955322	10955755	434	*	5.26	4.79	5.62	-0.83	9.87e-05	0.0275
chrY	17577682	17578154	473	*	3.12	3.81	1.74	2.07	9.9e-05	0.0276
chr20	48598807	48599880	1074	*	6.55	6.14	6.86	-0.72	9.94e-05	0.0276
chr19	5680303	5681194	892	*	6.78	6.36	7.11	-0.75	9.94e-05	0.0276
chr14	63468469	63468987	519	*	2.6	3.36	0.94	2.41	9.96e-05	0.0276
chrX	61717733	61717960	228	*	4.83	4.31	5.22	-0.91	9.96e-05	0.0276
chr6	133139028	133139965	938	*	7.29	6.6	7.75	-1.15	1e-04	0.0277
chr6	43891854	43892556	703	*	5.45	5.04	5.77	-0.73	1e-04	0.0277
chr2	156879694	156880358	665	*	4.97	5.38	4.39	0.99	1e-04	0.0277
chr2	219964066	219964543	478	*	3.02	1.9	3.64	-1.74	0.000101	0.0278
chr13	66834321	66834589	269	*	2.03	-0.06	2.85	-2.91	0.000101	0.0278
chr3	189949333	189950129	797	*	6.37	6.08	6.62	-0.55	0.000101	0.0278
chr19	18527598	18528089	492	*	5.43	4.97	5.78	-0.82	0.000102	0.0279
chr19	18528210	18528788	579	*	5.83	5.36	6.18	-0.82	0.000102	0.0279
chr15	83478087	83479411	1325	*	7.76	7.56	7.94	-0.39	0.000102	0.0279
chr6	52859469	52860443	975	*	7.25	7.03	7.44	-0.41	0.000102	0.028
chr4	132169519	132169946	428	*	4.16	4.69	3.33	1.36	0.000102	0.028
chr1	50732177	50732470	294	*	2.53	0.98	3.27	-2.29	0.000103	0.028
chr9	19787706	19788030	325	*	4.12	4.6	3.4	1.21	0.000103	0.028
chr18	3603391	3603701	311	*	3.41	2.45	3.98	-1.53	0.000103	0.0281
chr20	50028847	50029323	477	*	2.69	1.38	3.36	-1.98	0.000103	0.0281
chr18	46147577	46147984	408	*	2.41	0.77	3.16	-2.39	0.000103	0.0281
chr12	108955877	108957036	1160	*	7.12	6.7	7.45	-0.75	0.000103	0.0281
chr9	130159297	130159771	475	*	1.86	-0.06	2.66	-2.72	0.000103	0.0281
chr20	61146678	61147015	338	*	2.45	0.77	3.21	-2.44	0.000104	0.0281
chr16	24740611	24741569	959	*	6.6	6.34	6.82	-0.48	0.000104	0.0281
chr14	77419814	77420274	461	*	3.71	2.86	4.24	-1.39	0.000104	0.0281
chr16	3184354	3185493	1140	*	6.64	6.27	6.93	-0.66	0.000105	0.0282
chr2	91816203	91817101	899	*	6.05	5.71	6.33	-0.61	0.000105	0.0282
chr17	4268406	4270343	1938	*	7.6	7.07	7.99	-0.92	0.000105	0.0282
chr2	237993845	237994891	1047	*	6.83	6.58	7.04	-0.47	0.000105	0.0283
chr19	42748871	42749243	373	*	5.49	4.91	5.9	-0.99	0.000105	0.0283
chr13	115053881	115054205	325	*	1.87	0	2.66	-2.66	0.000105	0.0283
chr7	6486892	6487978	1087	*	6.36	6.03	6.63	-0.6	0.000106	0.0283
chr1	28994888	28996598	1711	*	7.16	6.69	7.52	-0.82	0.000106	0.0283
chr15	57899781	57900169	389	*	3.27	2.22	3.87	-1.65	0.000106	0.0283
chr17	7746912	7747555	644	*	5.56	4.89	6.02	-1.13	0.000107	0.0284
chr11	61129079	61129977	899	*	6.63	6.25	6.93	-0.68	0.000107	0.0284
chr11	58331727	58332057	331	*	2.87	3.53	1.6	1.94	0.000107	0.0284
chr3	56153963	56154416	454	*	3.45	2.47	4.03	-1.57	0.000107	0.0284
chr6	26216190	26217762	1573	*	7.28	6.92	7.57	-0.65	0.000107	0.0285
chr22	50246866	50248138	1273	*	7.71	7.23	8.07	-0.84	0.000107	0.0285
chr6	34663978	34665154	1177	*	7.07	6.71	7.35	-0.64	0.000107	0.0285
chr17	27619569	27620459	891	*	6.12	5.53	6.54	-1.01	0.000108	0.0286
chr17	36918329	36918903	575	*	2.37	0.96	3.07	-2.11	0.000108	0.0286
chr17	58041321	58042532	1212	*	6.42	5.99	6.76	-0.76	0.000109	0.0287
chr9	131939754	131940899	1146	*	7.13	6.73	7.43	-0.7	0.000109	0.0287
chr10	108796881	108797234	354	*	4.05	4.54	3.29	1.26	0.000109	0.0287
chr17	7145477	7146019	543	*	5.33	4.65	5.79	-1.13	0.000109	0.0287
chr19	54704324	54705297	974	*	5.89	5.51	6.19	-0.68	0.000109	0.0287
chr16	50136161	50136636	476	*	3.27	2.17	3.89	-1.72	0.00011	0.0288
chr16	67875546	67876586	1041	*	6.67	6.32	6.96	-0.64	0.00011	0.0289
chr16	70838310	70838838	529	*	5.33	4.77	5.73	-0.96	0.000111	0.0291
chr18	47807571	47808402	832	*	7.73	7.37	8.02	-0.65	0.000111	0.0291
chr6	31707390	31708049	660	*	6.76	6.32	7.09	-0.77	0.000111	0.0291
chr22	19466874	19467755	882	*	6.19	5.88	6.44	-0.56	0.000111	0.0291
chr1	154973215	154973962	748	*	5.52	5.08	5.85	-0.76	0.000111	0.0291
chr10	25547572	25547904	333	*	3.02	3.68	1.78	1.9	0.000112	0.0292
chr4	101349152	101349601	450	*	4.34	3.69	4.79	-1.1	0.000113	0.0293
chr17	60548125	60548508	384	*	3.66	2.74	4.22	-1.48	0.000113	0.0294
chr4	114276646	114277439	794	*	6.63	6.36	6.85	-0.49	0.000113	0.0294
chr17	79479365	79480305	941	*	6.87	6.33	7.26	-0.94	0.000114	0.0295
chr20	42838844	42839972	1129	*	6.8	6.39	7.13	-0.74	0.000114	0.0295
chr5	119373024	119373490	467	*	2.59	3.33	0.94	2.39	0.000114	0.0296
chr7	120567765	120568141	377	*	2.61	3.32	1.13	2.19	0.000114	0.0296
chr11	64072231	64073416	1186	*	7.67	7.15	8.05	-0.9	0.000115	0.0296
chr15	43621978	43623176	1199	*	6.12	5.77	6.4	-0.62	0.000115	0.0296
chr17	57232231	57233269	1039	*	7.56	7.19	7.85	-0.66	0.000116	0.0298
chr17	26988598	26989565	968	*	5.57	5.12	5.91	-0.79	0.000116	0.03
chr12	48212777	48214837	2061	*	6.61	6.35	6.83	-0.48	0.000117	0.03
chr8	142377120	142377640	521	*	4.66	4.13	5.05	-0.92	0.000117	0.03
chr9	2032178	2032673	496	*	4.68	5.13	4.04	1.09	0.000117	0.03
chr8	29917097	29917547	451	*	3.67	2.87	4.18	-1.31	0.000117	0.03
chr19	1478747	1479771	1025	*	6.07	5.65	6.4	-0.75	0.000117	0.03
chr9	33024801	33025980	1180	*	7.2	6.82	7.5	-0.68	0.000117	0.03
chr20	47443992	47445184	1193	*	6.53	6.1	6.86	-0.75	0.000118	0.0301
chr2	89166255	89166885	631	*	5.03	5.41	4.52	0.89	0.000118	0.0301
chr7	37071498	37071971	474	*	5.29	4.8	5.65	-0.85	0.000118	0.0301
chr6	157557662	157557923	262	*	2.09	0.18	2.89	-2.71	0.000118	0.0301
chr7	104726610	104727054	445	*	4.98	4.49	5.35	-0.85	0.000118	0.0301
chr14	57226890	57227230	341	*	3.57	2.62	4.15	-1.53	0.000118	0.0301
chr4	153383120	153383634	515	*	4.45	4.91	3.77	1.14	0.000118	0.0301
chr11	61196802	61197854	1053	*	6.67	6.24	6.99	-0.75	0.000119	0.0301
chr2	27303985	27304534	550	*	6.5	6.23	6.72	-0.49	0.000119	0.0301
chr1	28907802	28908835	1034	*	6.61	6.29	6.88	-0.59	0.000119	0.0301
chr6	44064981	44065223	243	*	2.63	1.16	3.34	-2.19	0.000119	0.0302
chr19	47777290	47778469	1180	*	6.92	6.3	7.36	-1.06	0.00012	0.0302
chr4	1037106	1037898	793	*	5.16	4.66	5.53	-0.86	0.00012	0.0302
chr3	190251202	190251743	542	*	5.35	4.9	5.69	-0.78	0.00012	0.0303
chr11	116434131	116434712	582	*	3.5	2.6	4.05	-1.45	0.00012	0.0303
chr14	103979204	103979458	255	*	2.08	0.18	2.87	-2.69	0.00012	0.0303
chr3	195635808	195637013	1206	*	7.54	7.3	7.74	-0.43	0.000121	0.0303
chr5	151173929	151174229	301	*	2.06	0.28	2.83	-2.55	0.000121	0.0303
chr22	43463373	43463893	521	*	2.63	1.19	3.34	-2.15	0.000121	0.0303
chr15	70778702	70779586	885	*	6.17	5.8	6.47	-0.68	0.000121	0.0303
chr6	40404268	40404915	648	*	4.58	3.99	4.99	-1.01	0.000122	0.0304
chr2	238110489	238111041	553	*	5.08	4.52	5.48	-0.96	0.000122	0.0304
chr1	38157146	38158456	1311	*	7.36	6.99	7.65	-0.66	0.000122	0.0306
chr12	69748415	69748864	450	*	4.21	3.57	4.65	-1.08	0.000123	0.0306
chr22	35695440	35696737	1298	*	7.24	6.74	7.6	-0.86	0.000123	0.0306
chr17	37356138	37356416	279	*	3.79	2.95	4.31	-1.36	0.000124	0.0307
chr19	46195050	46196331	1282	*	7.42	6.99	7.75	-0.76	0.000124	0.0307
chr20	33103745	33104735	991	*	5.51	5.11	5.82	-0.71	0.000124	0.0307
chr8	129179816	129180413	598	*	4.79	4.23	5.18	-0.95	0.000125	0.0307
chr16	30483614	30484333	720	*	4.93	4.42	5.31	-0.89	0.000125	0.0307
chr6	159172300	159172633	334	*	2.03	0.18	2.81	-2.63	0.000125	0.0307
chr5	155959994	155960235	242	*	2.97	3.61	1.78	1.83	0.000125	0.0307
chr6	74413861	74414432	572	*	4.52	3.71	5.04	-1.34	0.000125	0.0307
chr17	79014633	79015067	435	*	3.62	2.76	4.16	-1.39	0.000125	0.0307
chr1	188231016	188231567	552	*	4.55	4.97	3.96	1.01	0.000125	0.0307
chr15	44828603	44829986	1384	*	7.38	7.12	7.6	-0.48	0.000125	0.0307
chr1	568176	568451	276	*	4.76	4.19	5.16	-0.97	0.000125	0.0307
chr2	28800570	28800869	300	*	2.11	0.18	2.91	-2.73	0.000126	0.0307
chr2	92281231	92281435	205	*	3.4	2.48	3.96	-1.47	0.000126	0.0307
chr22	47158017	47158886	870	*	5.93	5.57	6.22	-0.65	0.000126	0.0307
chr12	120633520	120633922	403	*	4.42	3.65	4.92	-1.26	0.000126	0.0307
chr8	21766308	21767282	975	*	6.15	5.81	6.43	-0.62	0.000126	0.0307
chr11	65320149	65320505	357	*	2.98	1.8	3.62	-1.82	0.000126	0.0307
chr17	46102375	46103073	699	*	6.36	5.99	6.66	-0.67	0.000126	0.0307
chr19	17218808	17219382	575	*	4	3.27	4.49	-1.22	0.000126	0.0307
chr1	202721815	202722217	403	*	2.63	1.19	3.33	-2.15	0.000126	0.0308
chr7	13179142	13179423	282	*	2.9	3.57	1.64	1.93	0.000127	0.0308
chr14	93066396	93067240	845	*	4.8	4.28	5.19	-0.92	0.000128	0.031
chr2	95707888	95708254	367	*	2.12	0.42	2.88	-2.45	0.000128	0.031
chr14	55657686	55658832	1147	*	6.6	6.34	6.82	-0.48	0.000129	0.0312
chr8	81580490	81581092	603	*	3.16	3.82	1.93	1.89	0.000129	0.0313
chr3	161067506	161068059	554	*	5	4.5	5.37	-0.88	0.00013	0.0314
chr11	70270049	70270671	623	*	5.14	4.66	5.5	-0.83	0.00013	0.0314
chr20	62504740	62505337	598	*	5.41	5.01	5.72	-0.71	0.00013	0.0314
chr4	111076823	111077180	358	*	3.16	3.8	2	1.8	0.00013	0.0314
chr4	155447278	155447660	383	*	4.29	4.75	3.61	1.14	0.000131	0.0315
chr2	92318600	92318784	185	*	3.13	2.09	3.73	-1.65	0.000132	0.0316
chr19	530874	532159	1286	*	6.99	6.57	7.31	-0.75	0.000132	0.0316
chr4	39183665	39184416	752	*	7.42	7.12	7.67	-0.55	0.000132	0.0316
chr10	42400254	42400554	301	*	4.83	4.32	5.21	-0.89	0.000132	0.0317
chr12	118490202	118490575	374	*	2.69	1.29	3.38	-2.09	0.000132	0.0317
chr8	10457981	10458259	279	*	2.93	1.74	3.57	-1.83	0.000133	0.0317
chr14	75745087	75746103	1017	*	6.96	6.43	7.35	-0.91	0.000133	0.0317
chr22	35697344	35697859	516	*	5.11	4.62	5.48	-0.86	0.000133	0.0317
chr11	133711701	133712369	669	*	3.63	2.79	4.16	-1.37	0.000133	0.0317
chr22	22292023	22292873	851	*	5.97	5.6	6.27	-0.66	0.000133	0.0317
chr1	156024337	156025149	813	*	6.22	5.89	6.49	-0.59	0.000133	0.0317
chr22	30722584	30723436	853	*	6.01	5.54	6.37	-0.82	0.000133	0.0317
chr5	7727011	7727406	396	*	2.8	1.5	3.48	-1.97	0.000134	0.0317
chr6	52568931	52569212	282	*	2.84	3.56	1.37	2.19	0.000134	0.0318
chr19	1020828	1021915	1088	*	6.61	6.04	7.01	-0.97	0.000134	0.0319
chr5	134791795	134792605	811	*	6.57	6.29	6.81	-0.52	0.000135	0.032
chr15	93850728	93851412	685	*	5.3	5.64	4.85	0.79	0.000135	0.032
chr20	2281651	2282304	654	*	5.9	5.57	6.16	-0.59	0.000135	0.032
chr3	125853045	125853324	280	*	3.08	1.94	3.71	-1.77	0.000135	0.032
chr8	144530653	144530988	336	*	2.06	0.18	2.85	-2.67	0.000136	0.0321
chr1	50731282	50731684	403	*	3.11	2.03	3.72	-1.69	0.000136	0.0321
chr17	33913983	33914848	866	*	5.51	5.11	5.82	-0.71	0.000137	0.0321
chr17	7232269	7233898	1630	*	7.26	6.64	7.7	-1.06	0.000137	0.0321
chr1	28585558	28586944	1387	*	6.91	6.47	7.24	-0.78	0.000137	0.0321
chr21	35445160	35446554	1395	*	7.17	6.63	7.57	-0.93	0.000137	0.0321
chr3	179955929	179956681	753	*	4.77	5.18	4.2	0.98	0.000137	0.0322
chr1	245622098	245622597	500	*	6.12	5.82	6.37	-0.55	0.000137	0.0322
chr1	29609588	29610262	675	*	4.34	3.67	4.79	-1.12	0.000137	0.0322
chr17	38497409	38497954	546	*	4.89	4.29	5.31	-1.02	0.000139	0.0326
chr11	63974601	63975664	1064	*	5.95	5.6	6.23	-0.63	0.00014	0.0326
chr2	70313340	70314901	1562	*	7.24	6.72	7.62	-0.9	0.00014	0.0326
chr8	56819251	56819639	389	*	1.91	-0.06	2.72	-2.78	0.00014	0.0326
chr1	64260596	64260776	181	*	2.33	0.8	3.05	-2.25	0.000142	0.033
chr3	191013736	191014311	576	*	6.31	6.56	6	0.56	0.000142	0.033
chr11	64877685	64878248	564	*	4.54	3.95	4.96	-1.01	0.000143	0.0333
chr3	120460971	120462101	1131	*	7.87	7.64	8.06	-0.42	0.000143	0.0333
chr22	23483918	23484615	698	*	5.15	4.63	5.53	-0.9	0.000144	0.0333
chr22	18280672	18281362	691	*	4.48	4.9	3.87	1.03	0.000144	0.0333
chr6	38888908	38889275	368	*	1.74	-0.36	2.56	-2.92	0.000144	0.0333
chr6	34855484	34856255	772	*	5.78	5.38	6.09	-0.71	0.000145	0.0336
chr17	76588260	76588951	692	*	6.28	5.97	6.54	-0.58	0.000146	0.0336
chr1	211786074	211787206	1133	*	7.52	7.28	7.73	-0.45	0.000146	0.0336
chr15	74834187	74834433	247	*	3.61	2.72	4.15	-1.43	0.000146	0.0336
chr21	35013749	35015433	1685	*	7.57	7.24	7.84	-0.6	0.000146	0.0336
chr12	63396670	63396916	247	*	1.7	-0.36	2.52	-2.87	0.000146	0.0336
chr1	14722196	14722393	198	*	1.71	-0.36	2.53	-2.89	0.000146	0.0336
chr17	47865646	47866802	1157	*	7.07	6.62	7.42	-0.8	0.000147	0.0337
chr7	28429077	28429358	282	*	2.76	1.56	3.41	-1.84	0.000148	0.0338
chr7	45150945	45151778	834	*	6.91	6.7	7.1	-0.4	0.000148	0.0338
chr2	130915542	130916200	659	*	4.44	3.79	4.88	-1.09	0.000148	0.0338
chr15	26638352	26638615	264	*	1.8	-0.36	2.63	-2.99	0.000148	0.0338
chr6	141911157	141911436	280	*	2.14	0.43	2.9	-2.47	0.000148	0.0338
chr10	26868718	26869078	361	*	2.68	1.49	3.32	-1.83	0.000148	0.0338
chr2	182055436	182055866	431	*	3.8	4.36	2.89	1.47	0.000149	0.0338
chr22	43044759	43045924	1166	*	6.28	5.97	6.54	-0.57	0.000149	0.0338
chr3	14635836	14636011	176	*	1.67	-0.36	2.48	-2.84	0.000149	0.0338
chr10	123469152	123469580	429	*	4.6	4.06	5	-0.94	0.000149	0.0338
chr14	95713824	95714126	303	*	1.68	-0.36	2.49	-2.85	0.000149	0.0338
chr1	26804288	26804521	234	*	3.43	2.38	4.03	-1.65	0.000149	0.0338
chr20	56384602	56385187	586	*	2.87	1.74	3.5	-1.75	0.000149	0.0338
chr22	26843818	26844105	288	*	2.21	0.43	2.99	-2.55	0.000149	0.0338
chr11	66405606	66406433	828	*	6.74	6.41	7.01	-0.6	0.00015	0.0338
chr6	31607038	31607580	543	*	3.69	2.89	4.2	-1.31	0.00015	0.034
chr4	59956898	59957746	849	*	5.75	6.09	5.3	0.78	0.000151	0.034
chr20	44633702	44634165	464	*	4.81	4.27	5.21	-0.93	0.000151	0.0341
chr3	88667152	88667511	360	*	2.4	3.14	0.82	2.32	0.000151	0.0341
chr16	46395327	46395547	221	*	5.08	4.42	5.53	-1.11	0.000152	0.0341
chr4	148604922	148605851	930	*	7.73	7.5	7.92	-0.42	0.000152	0.0341
chr2	153596429	153596625	197	*	1.67	-0.36	2.48	-2.84	0.000152	0.0341
chr12	49453720	49455019	1300	*	6.23	5.86	6.52	-0.66	0.000152	0.0342
chr17	7142711	7143316	606	*	6.37	5.73	6.81	-1.08	0.000152	0.0342
chr1	112281104	112282614	1511	*	6.95	6.7	7.16	-0.47	0.000153	0.0343
chr4	78077724	78079641	1918	*	8.27	8.03	8.48	-0.45	0.000153	0.0343
chr14	65293364	65294025	662	*	6.36	6.08	6.59	-0.51	0.000153	0.0343
chr3	27616977	27617529	553	*	3.88	4.38	3.1	1.28	0.000154	0.0343
chr22	39541152	39542123	972	*	5.7	5.29	6.02	-0.73	0.000154	0.0343
chr5	174303999	174304281	283	*	2.16	0.64	2.89	-2.24	0.000154	0.0343
chr11	65667156	65668302	1147	*	5.93	5.41	6.31	-0.9	0.000154	0.0343
chr3	185429062	185429721	660	*	3.37	2.42	3.93	-1.52	0.000155	0.0345
chr17	41446124	41446833	710	*	5.61	5.17	5.95	-0.78	0.000155	0.0345
chr3	62164449	62164782	334	*	3.42	2.32	4.04	-1.72	0.000156	0.0346
chr19	14628511	14629846	1336	*	7.56	6.89	8.02	-1.13	0.000156	0.0346
chr1	218959234	218959747	514	*	4.08	4.56	3.35	1.21	0.000157	0.0348
chr12	57481627	57481918	292	*	4.77	4.27	5.15	-0.87	0.000157	0.0348
chr6	35337887	35338865	979	*	7.21	7	7.39	-0.39	0.000157	0.0348
chr1	155278138	155278978	841	*	6.51	6.19	6.77	-0.58	0.000157	0.0348
chr2	2362814	2363079	266	*	1.64	-0.36	2.44	-2.8	0.000158	0.0348
chr9	139908252	139908656	405	*	2.83	1.61	3.48	-1.87	0.000158	0.0348
chr3	1671833	1672384	552	*	2.41	3.15	0.82	2.33	0.000158	0.0348
chr12	109960075	109960370	296	*	1.65	-0.36	2.46	-2.82	0.000158	0.0349
chr10	42385139	42385328	190	*	3.63	2.83	4.14	-1.31	0.000159	0.0349
chr9	26437361	26437768	408	*	3.15	3.77	2.06	1.71	0.000159	0.035
chr3	85633986	85634487	502	*	5.16	5.53	4.67	0.86	0.000159	0.035
chr7	134246799	134247345	547	*	4.72	4.15	5.13	-0.98	0.00016	0.0351
chr19	11434532	11435581	1050	*	6.22	5.91	6.48	-0.58	0.00016	0.0352
chr8	3826747	3827045	299	*	2.16	0.43	2.92	-2.49	0.000161	0.0352
chr2	187519920	187520327	408	*	4.08	4.59	3.27	1.32	0.000161	0.0352
chr3	162420015	162420384	370	*	2.17	2.94	0.45	2.48	0.000161	0.0352
chr8	19880954	19881502	549	*	2.74	1.39	3.43	-2.03	0.000162	0.0353
chr7	3976415	3976660	246	*	1.78	-0.36	2.61	-2.97	0.000162	0.0353
chr11	59324766	59325329	564	*	5.86	5.53	6.13	-0.6	0.000162	0.0353
chr14	104073266	104074014	749	*	6.5	6.22	6.73	-0.51	0.000162	0.0353
chr3	52029488	52030220	733	*	6.12	5.77	6.41	-0.64	0.000163	0.0354
chr21	34099567	34101049	1483	*	7.13	6.81	7.4	-0.58	0.000164	0.0356
chr11	64601856	64602088	233	*	1.73	-0.36	2.54	-2.9	0.000165	0.0357
chr1	24194358	24195218	861	*	5.92	5.54	6.22	-0.68	0.000165	0.0357
chr9	2958051	2958371	321	*	1.63	-0.36	2.44	-2.79	0.000165	0.0357
chr19	10216370	10217340	971	*	5.99	5.58	6.31	-0.74	0.000165	0.0357
chr15	41913192	41914417	1226	*	5.81	5.41	6.12	-0.71	0.000166	0.0357
chr12	12877768	12879082	1315	*	7.82	7.38	8.16	-0.79	0.000166	0.0357
chr6	10084575	10085254	680	*	5.89	6.17	5.55	0.62	0.000166	0.0357
chr16	70488000	70488841	842	*	5.49	5.11	5.8	-0.69	0.000166	0.0357
chr19	47731051	47731631	581	*	5.49	4.86	5.92	-1.06	0.000166	0.0358
chr16	23690566	23691028	463	*	4.18	3.49	4.64	-1.15	0.000166	0.0358
chr7	157725167	157725786	620	*	4.76	4.18	5.18	-1	0.000167	0.0359
chr7	98845976	98846606	631	*	5.72	5.34	6.01	-0.67	0.000167	0.0359
chr17	4852930	4853632	703	*	5.36	4.83	5.74	-0.91	0.000168	0.036
chr3	49383390	49383675	286	*	3.49	2.57	4.05	-1.48	0.000169	0.0361
chr19	50036446	50037716	1271	*	5.44	5.02	5.76	-0.74	0.000169	0.0362
chr19	47353562	47354442	881	*	6.11	5.77	6.39	-0.63	0.000169	0.0362
chr8	133188733	133188974	242	*	2.99	1.79	3.64	-1.86	0.000169	0.0362
chr1	7788807	7789140	334	*	2.24	3.01	0.45	2.56	0.00017	0.0362
chr17	5322608	5323916	1309	*	6.79	6.38	7.12	-0.73	0.00017	0.0362
chr11	72463243	72464206	964	*	5.84	5.51	6.11	-0.61	0.00017	0.0363
chr15	63449115	63450095	981	*	6.44	6.14	6.68	-0.55	0.000171	0.0363
chr5	173314597	173315592	996	*	7.54	7.31	7.74	-0.42	0.000171	0.0363
chr16	74039442	74040426	985	*	4.27	3.64	4.71	-1.07	0.000171	0.0363
chr1	203614172	203614443	272	*	1.72	-0.36	2.53	-2.89	0.000171	0.0363
chr10	75556794	75557199	406	*	2.83	1.57	3.49	-1.92	0.000171	0.0364
chr1	193012369	193013092	724	*	3.67	2.83	4.2	-1.38	0.000172	0.0364
chr5	137799617	137801711	2095	*	8.81	8.4	9.12	-0.72	0.000172	0.0365
chr1	247336261	247337085	825	*	6.86	6.63	7.05	-0.42	0.000173	0.0367
chr1	99828785	99829649	865	*	4.96	5.34	4.43	0.91	0.000174	0.0368
chr2	25311792	25312190	399	*	2.24	0.57	2.99	-2.42	0.000174	0.0368
chr15	93346941	93347673	733	*	7.22	7.02	7.4	-0.38	0.000174	0.0368
chr7	86377113	86377488	376	*	2.48	3.22	0.84	2.38	0.000175	0.0369
chr19	27732532	27732865	334	*	4.96	4.44	5.34	-0.9	0.000175	0.0369
chr3	30026261	30026716	456	*	2.21	2.97	0.45	2.52	0.000176	0.037
chr17	18761072	18761951	880	*	5.89	5.41	6.25	-0.83	0.000176	0.037
chr19	44269115	44269963	849	*	5.69	5.28	6.01	-0.73	0.000176	0.037
chr1	201683774	201684201	428	*	5.71	5.31	6.02	-0.71	0.000177	0.0371
chr9	114745615	114746184	570	*	3.36	4	2.19	1.81	0.000178	0.0373
chr19	17447960	17448503	544	*	5.71	5.26	6.06	-0.8	0.000178	0.0373
chr19	2061002	2062034	1033	*	6.61	6.13	6.97	-0.84	0.000178	0.0373
chr4	88035819	88036238	420	*	2.44	3.19	0.82	2.37	0.000179	0.0373
chr12	98998374	98998573	200	*	2.66	1.18	3.37	-2.19	0.000179	0.0373
chr5	79379243	79379722	480	*	3.21	2.06	3.84	-1.79	0.000179	0.0373
chr1	154946209	154946442	234	*	4.07	3.38	4.54	-1.16	0.000179	0.0374
chr1	68813071	68813430	360	*	4.31	4.76	3.65	1.12	0.00018	0.0375
chr3	100744909	100745285	377	*	2.27	0.57	3.03	-2.46	0.00018	0.0375
chr11	11643417	11643990	574	*	6.04	5.73	6.29	-0.56	0.00018	0.0375
chr4	150178384	150178774	391	*	2.25	0.61	3	-2.39	0.00018	0.0375
chrX	41351002	41351345	344	*	2.99	1.82	3.62	-1.8	0.00018	0.0375
chr19	27738384	27738748	365	*	4.69	4.12	5.1	-0.98	0.000181	0.0375
chr9	129967310	129967666	357	*	3.01	2.03	3.58	-1.56	0.000182	0.0377
chr11	66885599	66886872	1274	*	7.31	6.73	7.72	-0.99	0.000182	0.0377
chr11	62572459	62573356	898	*	6.95	6.32	7.4	-1.08	0.000182	0.0377
chr9	139794751	139795100	350	*	2.22	0.57	2.97	-2.4	0.000183	0.0377
chr1	206260579	206260965	387	*	3.36	3.97	2.28	1.69	0.000183	0.0377
chr16	21531423	21532066	644	*	6.57	6.17	6.88	-0.71	0.000183	0.0377
chr14	55517962	55518998	1037	*	7.23	6.91	7.48	-0.57	0.000184	0.038
chr19	7197757	7198675	919	*	6.48	5.98	6.86	-0.88	0.000185	0.0381
chr12	6982257	6983012	756	*	6.58	6.02	6.98	-0.96	0.000185	0.0381
chr6	55778096	55778647	552	*	5.32	5.66	4.86	0.8	0.000185	0.0381
chr17	73775056	73776235	1180	*	7.09	6.47	7.53	-1.05	0.000186	0.0382
chr1	16161049	16162857	1809	*	7.76	7.25	8.14	-0.89	0.000187	0.0383
chr11	49349313	49349668	356	*	2.68	3.42	1.11	2.31	0.000187	0.0384
chr3	51704837	51705701	865	*	7.1	6.78	7.35	-0.57	0.000188	0.0385
chr9	19048848	19049889	1042	*	8.09	7.9	8.26	-0.37	0.000189	0.0386
chr11	115812193	115812611	419	*	5.02	4.51	5.4	-0.88	0.000189	0.0386
chr17	7746313	7746722	410	*	5.11	4.63	5.46	-0.83	0.000189	0.0387
chr17	36641982	36642446	465	*	3.28	2.08	3.93	-1.85	0.000191	0.0389
chr16	25059893	25060502	610	*	5.15	4.72	5.47	-0.76	0.000191	0.0389
chr12	114300911	114301407	497	*	5.5	5.06	5.84	-0.78	0.000192	0.0391
chr12	50236397	50237166	770	*	5.71	5.32	6.02	-0.7	0.000192	0.0391
chr17	41392304	41393951	1648	*	6.2	5.6	6.62	-1.02	0.000192	0.0392
chr7	50312954	50313266	313	*	4.17	4.64	3.47	1.17	0.000193	0.0392
chr6	90060023	90060604	582	*	5.68	5.3	5.98	-0.68	0.000193	0.0392
chr19	59086564	59087355	792	*	6.91	6.61	7.15	-0.54	0.000194	0.0394
chr19	16308307	16309154	848	*	6.12	5.7	6.45	-0.76	0.000195	0.0396
chr11	65686280	65687301	1022	*	6.88	6.13	7.37	-1.25	0.000196	0.0396
chr1	46974454	46974731	278	*	3.5	2.67	4.02	-1.34	0.000196	0.0396
chr14	35017054	35017443	390	*	3.42	2.44	4	-1.56	0.000196	0.0396
chr1	33457844	33458520	677	*	6.84	6.5	7.12	-0.62	0.000196	0.0396
chr15	22571124	22571430	307	*	3.18	3.81	2.07	1.74	0.000196	0.0396
chr3	52321536	52322351	816	*	5.8	5.46	6.08	-0.62	0.000197	0.0397
chr5	72743705	72745010	1306	*	7.26	7.04	7.45	-0.41	0.000197	0.0397
chr10	74033284	74034294	1011	*	6.98	6.42	7.39	-0.96	0.000197	0.0397
chr3	34163397	34163880	484	*	2.34	0.8	3.07	-2.26	0.000198	0.0398
chr3	178816178	178816774	597	*	4.8	4.23	5.2	-0.98	0.000198	0.0398
chr19	45091167	45092066	900	*	4.23	3.52	4.7	-1.18	0.000198	0.0398
chr12	8395384	8396641	1258	*	7	6.52	7.36	-0.83	0.000199	0.0399
chr10	42355189	42355629	441	*	3.54	2.67	4.08	-1.41	0.000199	0.0399
chr3	109522144	109522513	370	*	3.33	3.92	2.32	1.6	0.000199	0.0399
chr10	10873080	10873440	361	*	2.35	0.73	3.09	-2.36	0.000199	0.0399
chr1	161708427	161709190	764	*	5.73	5.25	6.1	-0.85	2e-04	0.0399
chr19	2944600	2945558	959	*	6.43	6.12	6.68	-0.56	2e-04	0.0399
chr2	136874873	136876043	1171	*	6.41	6.13	6.65	-0.51	2e-04	0.0399
chr9	137802412	137802930	519	*	2.33	0.8	3.05	-2.26	2e-04	0.0399
chr20	20595411	20595973	563	*	3.68	2.83	4.21	-1.38	0.000201	0.04
chr19	6802394	6802972	579	*	4.99	4.48	5.36	-0.88	0.000201	0.04
chr8	38361417	38361781	365	*	2.2	0.79	2.9	-2.11	0.000202	0.0401
chr17	41322851	41323450	600	*	6.03	5.56	6.38	-0.82	0.000202	0.0401
chr2	61921522	61922334	813	*	6.72	6.38	7	-0.62	0.000202	0.0401
chr12	82352287	82352627	341	*	2.77	3.47	1.39	2.08	0.000202	0.0401
chr16	46386111	46386874	764	*	6.28	5.83	6.62	-0.79	0.000202	0.0401
chr1	68850000	68850438	439	*	3.63	2.7	4.18	-1.48	0.000203	0.0401
chr9	71788567	71789688	1122	*	6.84	6.61	7.03	-0.43	0.000203	0.0401
chr5	20318482	20318913	432	*	4.06	4.53	3.38	1.15	0.000203	0.0402
chr6	43612676	43613562	887	*	4.21	3.58	4.64	-1.06	0.000204	0.0402
chr8	36002809	36003095	287	*	1.86	-0.06	2.66	-2.72	0.000204	0.0402
chr16	86066658	86066928	271	*	1.88	-0.06	2.68	-2.75	0.000205	0.0402
chr2	7709644	7709844	201	*	1.88	-0.06	2.68	-2.75	0.000205	0.0402
chr6	31794966	31795744	779	*	6.18	5.53	6.63	-1.09	0.000205	0.0402
chr8	74371846	74372255	410	*	3.37	3.92	2.45	1.47	0.000205	0.0402
chr1	156736824	156737724	901	*	7.06	6.77	7.3	-0.53	0.000205	0.0403
chr14	100497875	100498304	430	*	3.31	2.27	3.9	-1.64	0.000206	0.0404
chr8	103973677	103974444	768	*	5.16	5.55	4.63	0.92	0.000206	0.0404
chr1	89356574	89357696	1123	*	7.17	6.89	7.4	-0.51	0.000207	0.0406
chr20	61057855	61058071	217	*	1.87	0	2.66	-2.66	0.000208	0.0408
chr3	118190911	118191203	293	*	2.47	0.94	3.19	-2.25	0.000209	0.0408
chr1	27480919	27482136	1218	*	6.42	5.91	6.79	-0.88	0.000209	0.0408
chr12	113658569	113659578	1010	*	7.69	7.29	8	-0.71	0.000209	0.0408
chr5	14232182	14232514	333	*	1.9	-0.06	2.7	-2.76	0.000209	0.0408
chr7	4967686	4968022	337	*	1.9	-0.06	2.7	-2.76	0.000209	0.0408
chr8	97632478	97633812	1335	*	7.4	7.18	7.59	-0.41	0.000209	0.0408
chr19	45251342	45251995	654	*	4.7	3.96	5.19	-1.23	0.00021	0.0408
chr17	2427547	2427858	312	*	3.14	2.08	3.74	-1.66	0.00021	0.0408
chr19	39888811	39889481	671	*	5.75	5.41	6.02	-0.61	0.00021	0.0408
chr21	45868917	45869072	156	*	1.92	0.22	2.68	-2.46	0.000211	0.041
chr3	135569992	135570702	711	*	4.72	4.14	5.13	-0.99	0.000211	0.041
chr1	182360152	182361569	1418	*	8.09	7.68	8.4	-0.73	0.000211	0.041
chr1	38273223	38274541	1319	*	6.9	6.51	7.21	-0.69	0.000212	0.041
chr6	71524169	71524536	368	*	2.46	1.01	3.17	-2.17	0.000212	0.041
chrY	28816980	28817657	678	*	4.47	3.87	4.9	-1.03	0.000212	0.041
chr19	51307487	51308642	1156	*	6.52	6.09	6.85	-0.76	0.000213	0.0411
chr17	18183556	18183920	365	*	1.87	-0.06	2.67	-2.73	0.000213	0.0411
chr10	42380168	42380359	192	*	3.49	2.64	4.02	-1.37	0.000213	0.0411
chr6	56199748	56200274	527	*	3.95	3.23	4.42	-1.2	0.000213	0.0411
chr4	176201782	176202239	458	*	5.48	5.78	5.1	0.68	0.000214	0.0411
chr1	156698135	156699007	873	*	6.8	6.41	7.11	-0.7	0.000214	0.0411
chr14	41163304	41163650	347	*	2.88	3.6	1.37	2.23	0.000214	0.0412
chr19	10676295	10677059	765	*	6.74	6.09	7.18	-1.09	0.000214	0.0412
chr16	11836145	11837138	994	*	7.11	6.71	7.42	-0.72	0.000215	0.0413
chr16	11274374	11274811	438	*	3.56	2.73	4.08	-1.34	0.000216	0.0413
chr17	4046809	4047526	718	*	5.6	5.2	5.91	-0.72	0.000216	0.0413
chr1	31627467	31628678	1212	*	6.4	6	6.72	-0.72	0.000216	0.0413
chr3	72031716	72032261	546	*	3.25	2.32	3.81	-1.49	0.000216	0.0413
chr6	38411048	38411896	849	*	6.57	6.32	6.78	-0.46	0.000216	0.0413
chr2	174919593	174920000	408	*	3.6	2.79	4.11	-1.32	0.000216	0.0413
chr22	35653242	35654148	907	*	5.73	5.23	6.1	-0.87	0.000216	0.0413
chrX	47077069	47078274	1206	*	7.19	6.77	7.51	-0.74	0.000217	0.0414
chr19	4007051	4008176	1126	*	6.82	6.4	7.14	-0.75	0.000217	0.0414
chr3	187074022	187074298	277	*	1.9	-0.06	2.71	-2.77	0.000218	0.0415
chr13	80253296	80253771	476	*	3	3.67	1.71	1.96	0.000218	0.0415
chr17	55739950	55740728	779	*	6.43	6.07	6.72	-0.64	0.000219	0.0416
chr2	171683146	171683369	224	*	2.35	1.11	3	-1.9	0.000219	0.0416
chr3	39685711	39686097	387	*	3.87	3.12	4.36	-1.25	0.00022	0.0417
chr11	113872042	113872442	401	*	1.92	-0.06	2.73	-2.8	0.00022	0.0417
chr8	579187	580552	1366	*	7.41	7.13	7.64	-0.51	0.000221	0.0417
chr3	139809983	139810298	316	*	2.36	0.77	3.1	-2.33	0.000221	0.0417
chr19	18496767	18497140	374	*	2.45	1.19	3.12	-1.92	0.000221	0.0417
chr2	30644984	30645325	342	*	1.9	-0.06	2.7	-2.77	0.000221	0.0418
chr2	149996662	149996940	279	*	2.56	1.13	3.27	-2.14	0.000223	0.0421
chr8	139097784	139098142	359	*	2.49	1.09	3.19	-2.1	0.000223	0.0421
chr18	72518957	72519507	551	*	4.12	4.61	3.37	1.24	0.000224	0.0421
chrX	112004609	112005331	723	*	4.87	5.26	4.34	0.92	0.000224	0.0421
chrX	70502918	70504014	1097	*	6.53	6.23	6.77	-0.54	0.000224	0.0421
chr15	58623818	58624884	1067	*	6.83	6.61	7.02	-0.41	0.000224	0.0421
chr7	152132464	152134156	1693	*	7.94	7.52	8.27	-0.75	0.000224	0.0421
chr7	61968753	61969628	876	*	8.51	8.07	8.84	-0.76	0.000224	0.0421
chr8	107141355	107141680	326	*	3.17	2.18	3.75	-1.58	0.000225	0.0421
chr13	49020675	49021015	341	*	2.56	1.33	3.22	-1.89	0.000225	0.0422
chr2	227291093	227291401	309	*	3.15	2.07	3.76	-1.69	0.000226	0.0422
chr1	223914068	223914921	854	*	6.49	6.23	6.71	-0.49	0.000226	0.0422
chr14	47417489	47418229	741	*	2.35	3.08	0.82	2.26	0.000226	0.0422
chr12	127836246	127836556	311	*	2.58	1.13	3.28	-2.16	0.000226	0.0422
chr5	155964698	155965023	326	*	3.03	3.64	1.94	1.7	0.000227	0.0423
chr12	128053820	128054256	437	*	3.21	2.2	3.79	-1.59	0.000227	0.0423
chr5	45590674	45590959	286	*	1.98	0.22	2.75	-2.53	0.000227	0.0423
chr22	29663626	29664790	1165	*	6.32	5.82	6.69	-0.87	0.000228	0.0423
chr16	4165244	4166908	1665	*	6.94	6.62	7.2	-0.59	0.000228	0.0423
chr5	23305288	23305505	218	*	2.21	0.83	2.91	-2.08	0.000228	0.0424
chr5	75667971	75668609	639	*	3.76	2.83	4.33	-1.49	0.000228	0.0424
chr6	36514678	36515477	800	*	6.57	6.3	6.8	-0.5	0.000229	0.0425
chr10	134330613	134331189	577	*	4.66	4.09	5.07	-0.98	0.000229	0.0425
chr17	72038910	72039395	486	*	2.44	1.03	3.13	-2.1	0.000229	0.0425
chr19	45250571	45251143	573	*	4.68	4.01	5.13	-1.12	0.00023	0.0425
chr4	149808499	149808895	397	*	2.54	1.23	3.21	-1.98	0.00023	0.0425
chr19	39900154	39901071	918	*	6.63	6	7.07	-1.07	0.000232	0.0428
chr5	141736287	141737164	878	*	7	6.68	7.26	-0.58	0.000232	0.0428
chr19	14200514	14201223	710	*	5.08	4.62	5.43	-0.81	0.000233	0.043
chr8	98554512	98554864	353	*	2.69	1.41	3.36	-1.95	0.000234	0.0431
chr10	116635795	116636567	773	*	5.99	5.65	6.27	-0.61	0.000234	0.0431
chr6	19579968	19580375	408	*	3.87	4.38	3.06	1.33	0.000234	0.0431
chr2	122456831	122457812	982	*	6.68	6.42	6.91	-0.49	0.000234	0.0431
chrY	58827240	58827457	218	*	4.75	4.25	5.12	-0.88	0.000234	0.0431
chr12	61146362	61146696	335	*	3.27	3.9	2.14	1.76	0.000235	0.0431
chr2	9447227	9447515	289	*	1.78	-0.06	2.57	-2.63	0.000235	0.0431
chr10	98273298	98274000	703	*	5.99	5.63	6.28	-0.65	0.000235	0.0431
chr12	13253901	13254764	864	*	7.12	6.9	7.3	-0.4	0.000235	0.0431
chr17	42263781	42264852	1072	*	6.6	6.03	7	-0.97	0.000236	0.0431
chr11	92788086	92788491	406	*	5.56	5.15	5.88	-0.73	0.000236	0.0432
chr10	112158250	112158742	493	*	3.67	2.76	4.22	-1.46	0.000237	0.0432
chr8	134538809	134539413	605	*	7.06	6.82	7.26	-0.45	0.000237	0.0432
chr20	37785736	37786128	393	*	2.25	0.73	2.98	-2.25	0.000237	0.0433
chr7	31462230	31462700	471	*	2.46	1.04	3.16	-2.12	0.000238	0.0434
chr21	35227317	35227773	457	*	2.66	1.21	3.37	-2.16	0.000238	0.0434
chr10	24841195	24841636	442	*	3.24	3.83	2.22	1.61	0.000239	0.0435
chr1	153762588	153762994	407	*	3.4	2.42	3.97	-1.55	0.00024	0.0435
chr13	101984045	101984492	448	*	4.16	4.62	3.49	1.13	0.00024	0.0435
chr19	47363279	47364573	1295	*	7.37	6.8	7.78	-0.99	0.00024	0.0435
chr19	42724151	42724729	579	*	6.07	5.76	6.34	-0.58	0.000241	0.0437
chr22	24950651	24952107	1457	*	7.44	6.97	7.79	-0.82	0.000241	0.0437
chr6	44213669	44215735	2067	*	7.83	7.3	8.21	-0.9	0.000241	0.0437
chr19	12991960	12992535	576	*	5.21	4.8	5.53	-0.73	0.000241	0.0437
chr10	126490033	126491222	1190	*	7.13	6.92	7.31	-0.39	0.000242	0.0438
chr1	144533589	144534549	961	*	6.99	6.69	7.24	-0.55	0.000242	0.0438
chr3	70653057	70653459	403	*	2.64	1.29	3.33	-2.04	0.000242	0.0438
chr18	9913451	9914844	1394	*	7.86	7.41	8.2	-0.79	0.000243	0.0438
chr22	21056833	21057717	885	*	5.8	5.17	6.24	-1.07	0.000243	0.0438
chr5	135334795	135335529	735	*	6.26	5.97	6.49	-0.52	0.000243	0.0438
chr15	59040950	59042411	1462	*	7.77	7.41	8.06	-0.65	0.000244	0.0438
chr10	106028532	106029113	582	*	3.87	3.11	4.37	-1.25	0.000244	0.0439
chr16	71553650	71553919	270	*	1.87	-0.06	2.66	-2.73	0.000245	0.0439
chr4	3877795	3878143	349	*	4.16	3.55	4.59	-1.04	0.000245	0.0439
chr17	33673015	33673967	953	*	5.55	5.16	5.86	-0.7	0.000245	0.0439
chr20	47537889	47538774	886	*	6.22	5.81	6.54	-0.74	0.000245	0.0439
chr5	172199226	172199739	514	*	6.32	6.05	6.55	-0.5	0.000246	0.0441
chr3	5606739	5607082	344	*	5.3	4.84	5.65	-0.81	0.000246	0.0441
chr10	17271032	17271665	634	*	5.74	5.37	6.03	-0.66	0.000247	0.0442
chr6	127669300	127669951	652	*	5.49	5.11	5.78	-0.67	0.000247	0.0442
chr12	125834391	125834796	406	*	2.32	0.77	3.05	-2.28	0.000248	0.0442
chr16	86985304	86986240	937	*	6.07	5.73	6.35	-0.62	0.000248	0.0443
chr1	154946613	154947597	985	*	7.01	6.57	7.34	-0.77	0.00025	0.0445
chr3	54180540	54180980	441	*	3.97	3.27	4.44	-1.16	0.00025	0.0445
chr9	132403807	132404978	1172	*	7.01	6.67	7.28	-0.6	0.000251	0.0446
chr2	70369181	70370177	997	*	7.63	7.29	7.91	-0.62	0.000251	0.0446
chr16	4303399	4304329	931	*	7.17	6.66	7.55	-0.89	0.000251	0.0446
chr8	66001665	66002018	354	*	2.68	1.36	3.36	-1.99	0.000251	0.0446
chr3	47440944	47441411	468	*	2.68	1.26	3.38	-2.12	0.000252	0.0447
chrX	47052641	47053564	924	*	5.85	5.44	6.17	-0.74	0.000252	0.0447
chr16	30388839	30390393	1555	*	7.11	6.73	7.41	-0.68	0.000253	0.0448
chr6	136599136	136599571	436	*	2.79	1.72	3.4	-1.68	0.000254	0.0449
chr17	30668630	30669398	769	*	5.62	5.15	5.98	-0.83	0.000255	0.045
chr17	73892477	73893426	950	*	6.27	5.98	6.51	-0.53	0.000255	0.0451
chr19	16989248	16989653	406	*	2.53	1.06	3.24	-2.18	0.000255	0.0451
chr20	30143080	30143398	319	*	3.56	2.55	4.14	-1.6	0.000256	0.0451
chr11	790774	791044	271	*	3.41	2.29	4.03	-1.73	0.000256	0.0452
chr9	35731892	35732774	883	*	7.44	6.98	7.78	-0.8	0.000256	0.0452
chr12	96793061	96794719	1659	*	8.08	7.83	8.3	-0.47	0.000257	0.0452
chrX	48815053	48815962	910	*	6.57	6.09	6.92	-0.84	0.000257	0.0452
chr1	31895432	31895946	515	*	3.94	3.24	4.4	-1.16	0.000257	0.0452
chr12	129227793	129228170	378	*	1.79	-0.06	2.57	-2.64	0.000258	0.0453
chr12	112856352	112857591	1240	*	7.09	6.72	7.39	-0.67	0.000259	0.0454
chr19	40022757	40023801	1045	*	6.03	5.7	6.29	-0.59	0.000259	0.0455
chr19	14529696	14530599	904	*	6.38	5.97	6.7	-0.73	0.000259	0.0455
chr6	11439224	11439635	412	*	2.64	3.32	1.31	2.02	0.00026	0.0455
chr4	74974705	74975610	906	*	4.9	4.35	5.29	-0.94	0.00026	0.0456
chr1	151974006	151974548	543	*	4.02	3.37	4.47	-1.1	0.000261	0.0456
chr5	106490348	106490657	310	*	2.39	3.12	0.84	2.27	0.000261	0.0456
chr1	29507714	29508869	1156	*	7.32	6.9	7.65	-0.75	0.000261	0.0456
chr1	32264263	32264615	353	*	2.37	0.8	3.1	-2.3	0.000261	0.0456
chr16	12931040	12931544	505	*	3.74	2.95	4.25	-1.3	0.000262	0.0457
chr19	56165059	56167010	1952	*	8.29	7.82	8.64	-0.83	0.000262	0.0457
chr16	82180585	82181043	459	*	3.04	1.9	3.67	-1.77	0.000263	0.0457
chr2	8821888	8822476	589	*	7.09	6.83	7.3	-0.47	0.000263	0.0457
chr18	28826410	28826865	456	*	4.32	4.77	3.66	1.11	0.000263	0.0457
chr2	26755281	26755528	248	*	1.98	0.23	2.75	-2.52	0.000263	0.0457
chr4	37880999	37881318	320	*	2.73	3.38	1.53	1.85	0.000263	0.0457
chr22	31045310	31045889	580	*	3.86	2.97	4.41	-1.44	0.000263	0.0457
chr11	33209580	33210359	780	*	3.22	3.8	2.21	1.59	0.000265	0.0458
chr19	49465522	49465842	321	*	4.2	3.55	4.64	-1.09	0.000265	0.0458
chr10	124060657	124061075	419	*	3.66	2.84	4.18	-1.34	0.000265	0.0458
chr11	44395756	44396063	308	*	2.02	0.18	2.81	-2.63	0.000265	0.0458
chr18	72114412	72114676	265	*	2.02	0.18	2.81	-2.63	0.000265	0.0458
chr15	74906958	74907486	529	*	5.55	5.14	5.87	-0.73	0.000265	0.0458
chr16	24550334	24551547	1214	*	7.28	6.95	7.55	-0.6	0.000266	0.0459
chr19	12845063	12845791	729	*	5.83	5.14	6.3	-1.15	0.000267	0.046
chr15	20612892	20613122	231	*	1.96	0.18	2.74	-2.56	0.000267	0.046
chr1	37945121	37945794	674	*	5.53	5.15	5.83	-0.68	0.000268	0.046
chr3	78325152	78325476	325	*	2.53	3.27	0.94	2.33	0.000268	0.046
chr19	1940406	1941553	1148	*	6.92	6.41	7.3	-0.88	0.000268	0.046
chr18	3790664	3791129	466	*	5.19	5.55	4.71	0.84	0.000268	0.046
chr2	196530986	196531469	484	*	3.89	4.42	3.05	1.36	0.000268	0.046
chr6	53212593	53214196	1604	*	8.02	7.84	8.18	-0.34	0.000268	0.046
chr19	36066435	36066811	377	*	4.79	4.24	5.19	-0.96	0.000269	0.0461
chr1	142535689	142536128	440	*	5.1	4.66	5.43	-0.76	0.00027	0.0462
chr8	102138483	102139379	897	*	6.13	5.84	6.37	-0.53	0.000271	0.0463
chr18	18518771	18519139	369	*	4.4	3.81	4.82	-1.02	0.000271	0.0464
chr14	103477280	103477736	457	*	4.26	3.64	4.69	-1.05	0.000271	0.0464
chr1	170919041	170919269	229	*	2.06	0.42	2.81	-2.39	0.000272	0.0465
chr17	8023378	8023845	468	*	4.8	4.28	5.17	-0.89	0.000272	0.0465
chr22	43582633	43583206	574	*	5.06	4.58	5.41	-0.83	0.000272	0.0465
chr2	10273444	10273737	294	*	3.32	2.45	3.86	-1.41	0.000273	0.0465
chr9	5857934	5858488	555	*	4.28	3.56	4.75	-1.19	0.000273	0.0466
chr7	27135088	27136551	1464	*	6.97	6.72	7.18	-0.46	0.000274	0.0466
chr2	9370939	9371852	914	*	4.83	4.24	5.24	-1	0.000275	0.0468
chr17	45266183	45267087	905	*	7.02	6.68	7.29	-0.61	0.000275	0.0468
chr17	7475644	7477382	1739	*	7.89	7.28	8.32	-1.05	0.000276	0.0468
chr3	49058469	49059784	1316	*	7.42	6.75	7.88	-1.13	0.000276	0.0469
chr6	40488565	40488825	261	*	2.05	0.23	2.83	-2.6	0.000277	0.0469
chr1	224685407	224686573	1167	*	7.33	7.14	7.49	-0.34	0.000277	0.0469
chr19	14062700	14063665	966	*	6.79	6.39	7.11	-0.72	0.000278	0.0471
chr11	74108866	74110243	1378	*	6.99	6.71	7.22	-0.5	0.000279	0.0471
chrX	65233104	65233738	635	*	5.74	6.03	5.38	0.64	0.00028	0.0474
chr1	65726670	65726905	236	*	2.65	1.34	3.33	-1.99	0.000281	0.0475
chr2	194759973	194760410	438	*	3.62	4.18	2.7	1.48	0.000281	0.0475
chr4	171341374	171342036	663	*	4.78	5.17	4.25	0.92	0.000282	0.0475
chr15	64387947	64388463	517	*	5.6	5.03	6.01	-0.97	0.000282	0.0475
chr2	74405436	74406286	851	*	6.99	6.64	7.28	-0.64	0.000282	0.0475
chr10	103113357	103114486	1130	*	7.32	6.98	7.59	-0.61	0.000282	0.0475
chr1	47165345	47165809	465	*	4.61	4.09	4.99	-0.9	0.000282	0.0475
chr9	80247006	80247571	566	*	2.75	1.57	3.39	-1.82	0.000283	0.0476
chr5	136339646	136340209	564	*	2.49	1.16	3.17	-2.01	0.000284	0.0476
chr1	11967816	11970031	2216	*	7.72	7.21	8.1	-0.89	0.000284	0.0477
chr11	119404638	119405123	486	*	4.76	4.17	5.18	-1.01	0.000285	0.0477
chr7	86477530	86477980	451	*	2.97	3.6	1.81	1.8	0.000285	0.0477
chr15	92028888	92029120	233	*	1.93	0.28	2.68	-2.4	0.000285	0.0477
chr16	9184885	9186224	1340	*	8.12	7.67	8.46	-0.8	0.000286	0.0478
chr17	7464962	7465466	505	*	5.29	4.77	5.67	-0.9	0.000286	0.0478
chr10	42384449	42384826	378	*	4.96	4.47	5.32	-0.86	0.000286	0.0478
chr20	37054769	37055166	398	*	3.54	2.53	4.13	-1.6	0.000286	0.0478
chr20	44509588	44510093	506	*	5.69	5.32	5.98	-0.66	0.000287	0.0479
chr12	6832894	6833943	1050	*	6.4	6.04	6.68	-0.64	0.000287	0.0479
chr8	10785804	10786325	522	*	5.78	5.46	6.05	-0.59	0.000288	0.048
chr2	207018937	207019242	306	*	3.66	2.91	4.15	-1.24	0.000288	0.048
chr1	93297337	93298274	938	*	6.96	6.59	7.25	-0.66	0.000288	0.048
chr11	133563113	133563420	308	*	2.04	0.18	2.82	-2.64	0.00029	0.0482
chr6	26304972	26305904	933	*	6.76	6.53	6.97	-0.43	0.00029	0.0482
chr13	42621779	42623886	2108	*	7	6.79	7.19	-0.4	0.000291	0.0482
chr4	92266852	92267396	545	*	4	4.5	3.22	1.28	0.000291	0.0482
chr6	112497434	112497734	301	*	3.11	3.73	2.02	1.71	0.000291	0.0482
chr22	19278720	19280270	1551	*	5.91	5.6	6.17	-0.58	0.000291	0.0482
chr16	70942381	70942730	350	*	2.61	1.31	3.28	-1.97	0.000291	0.0482
chr18	18519197	18519411	215	*	4.91	4.42	5.28	-0.85	0.000291	0.0482
chr16	31085394	31086078	685	*	6.62	6.33	6.86	-0.53	0.000292	0.0482
chr6	30538714	30539725	1012	*	7.33	7.08	7.54	-0.46	0.000292	0.0482
chr11	76308490	76308814	325	*	2.02	0.42	2.76	-2.34	0.000292	0.0482
chr9	34048374	34049681	1308	*	7.37	7	7.66	-0.66	0.000293	0.0483
chr6	27863174	27863577	404	*	6.27	5.98	6.52	-0.54	0.000293	0.0483
chr9	137029839	137030688	850	*	6.85	6.57	7.08	-0.51	0.000293	0.0483
chr16	33963051	33963448	398	*	6.81	6.33	7.17	-0.85	0.000294	0.0483
chr9	140134759	140136411	1653	*	8.35	7.9	8.68	-0.78	0.000295	0.0485
chr12	5071634	5072204	571	*	3.58	2.58	4.16	-1.58	0.000295	0.0485
chr20	47319927	47320300	374	*	1.9	0.23	2.65	-2.42	0.000296	0.0486
chr20	39636938	39637451	514	*	5.4	5.02	5.7	-0.69	0.000297	0.0488
chr16	29801368	29802473	1106	*	6.68	6.31	6.97	-0.66	0.000298	0.0488
chr19	34849885	34850726	842	*	7.01	6.64	7.3	-0.66	0.000298	0.0489
chr1	218268711	218269062	352	*	3.63	2.84	4.13	-1.29	0.000298	0.0489
chr17	25659627	25660447	821	*	6.77	6.52	6.98	-0.46	0.000299	0.0489
chr19	50168688	50169518	831	*	5.55	5.06	5.92	-0.86	0.000299	0.0489
chr11	112773207	112773560	354	*	1.89	0.23	2.65	-2.41	3e-04	0.049
chr4	6762513	6762907	395	*	1.89	0.18	2.65	-2.47	0.000301	0.0491
chr1	155715078	155715628	551	*	5.98	5.66	6.24	-0.58	0.000301	0.0491
chr14	82315932	82316454	523	*	4.7	5.12	4.1	1.02	0.000302	0.0492
chr2	233766495	233767166	672	*	5.04	4.57	5.39	-0.82	0.000302	0.0492
chr14	43353301	43353713	413	*	3.92	4.48	2.99	1.49	0.000302	0.0492
chr20	12183156	12183544	389	*	3.21	3.87	1.98	1.89	0.000302	0.0492
chr7	133859502	133859868	367	*	5.01	4.54	5.36	-0.82	0.000302	0.0492
chr6	32936040	32936769	730	*	6.77	6.27	7.15	-0.88	0.000303	0.0493
chr8	93595686	93596069	384	*	2.9	3.53	1.73	1.8	0.000303	0.0493
chr10	27388811	27389822	1012	*	6.22	5.91	6.48	-0.57	0.000304	0.0493
chr2	72353243	72353904	662	*	5.69	6.03	5.24	0.78	0.000304	0.0493
chr9	73294805	73295237	433	*	3.67	2.72	4.23	-1.51	0.000305	0.0493
chr7	154939487	154939878	392	*	3.33	2.38	3.89	-1.52	0.000305	0.0493
chr16	28834751	28835861	1111	*	6.73	6.08	7.17	-1.09	0.000305	0.0493
chr11	65101019	65101861	843	*	5.32	4.81	5.69	-0.88	0.000306	0.0493
chr12	53626021	53626580	560	*	3.37	2.4	3.94	-1.54	0.000306	0.0493
chr21	45138593	45139720	1128	*	6.67	6.24	7	-0.76	0.000306	0.0493
chr4	142273665	142273892	228	*	2.68	3.36	1.37	1.99	0.000306	0.0493
chr22	31030477	31032021	1545	*	6.19	5.81	6.49	-0.68	0.000306	0.0493
chr17	35766469	35767619	1151	*	6.48	6.1	6.78	-0.68	0.000306	0.0493
chr16	83595347	83595753	407	*	2.78	1.46	3.46	-2	0.000307	0.0494
chr12	44095063	44095564	502	*	3.69	4.22	2.83	1.4	0.000307	0.0494
chr17	27055493	27056207	715	*	6.7	6.15	7.09	-0.94	0.000307	0.0494
chr5	79560163	79560469	307	*	1.93	0.18	2.7	-2.52	0.000307	0.0494
chr5	179245762	179246315	554	*	5.69	5.26	6.01	-0.75	0.000307	0.0494
chr2	168084794	168085180	387	*	2.37	3.09	0.84	2.25	0.000308	0.0494
chr9	117751209	117751682	474	*	4.42	3.81	4.85	-1.04	0.00031	0.0498
chrX	9842062	9842340	279	*	2.5	3.18	1.13	2.05	0.000311	0.0499
chr12	12939613	12940451	839	*	6.46	6.21	6.68	-0.47	0.000312	0.0499
chr17	28705644	28706788	1145	*	6.35	6.07	6.59	-0.53	0.000312	0.0499
chr9	95895674	95897046	1373	*	6.59	6.34	6.8	-0.47	0.000312	0.0499
chr18	57543439	57543751	313	*	3.34	3.9	2.42	1.47	0.000313	0.0499
chr10	96391153	96391629	477	*	3.38	3.97	2.35	1.62	0.000313	0.05
